Pelvis -0.0550723 0.000444003 0.0969042 0.831445 -0.0115935 -0.555219 0.0172054
L5 0 0 0 1 0 0 0
L3 0 0 0 1 0 0 0
T12 0 0 0 1 0 0 0
T8 0.150632 -0.000715688 0.0829339 0.850865 0.0424783 0.521752 -0.0446978
Neck 0 0 0 1 0 0 0
Head -0.0743015 -0.000898308 0.0817168 0.622299 0.651285 -0.198988 0.385972
RightShoulder -0.0217354 -0.0541798 -0.0643124 0.461754 0.261006 -0.211141 -0.821024
RightUpperArm -0.0230403 -2.77556e-17 0.022637 0.748599 -0.0428242 -0.0556734 -0.659291
RightForeArm -0.0717241 -2.77556e-17 -0.00943547 0.747119 -0.169982 0.151092 -0.624571
RightHand -0.00583156 -1.38778e-17 0.0237567 0.749124 -0.174429 0.177522 -0.6139
LeftShoulder -0.0215169 0.0540727 -0.0642706 0.523816 0.0712033 -0.21597 -0.820917
LeftUpperArm -0.0259745 2.77556e-17 0.038028 0.698547 0.0708142 0.0145376 0.711903
LeftForeArm -0.0504001 2.77556e-17 -0.0232428 0.726854 0.151525 0.0552961 0.667581
LeftHand 0.0179166 1.38778e-17 0.0276232 0.744873 0.123053 0.0463062 0.654124
RightUpperLeg 0.0119246 -0.0457263 -0.278297 -0.55524 -0.459278 -0.649804 0.241921
RightLowerLeg 0.0340395 0.00856172 -0.147287 0.640877 -0.31725 0.644248 0.271244
RightFoot 0.089436 0.001478 -0.0116138 -0.929275 -0.259624 -0.256482 -0.0570969
RightToe 0 0 0 1 0 0 0
LeftUpperLeg 0.0151723 0.0458066 -0.278564 0.524887 -0.511542 0.526078 0.431349
LeftLowerLeg 0.0345466 -0.00821785 -0.147023 -0.606681 -0.37055 -0.621925 0.328387
LeftFoot 0.0810331 -0.0161292 -0.0123497 -0.0884061 0.241979 0.138539 0.956263
LeftToe 0 0 0 1 0 0 0
Pelvis 0 0 0 -3.1e-05        0 0.105586   1.5e-05 -0.085994  0.000152  1.5e-05 0.085994 0.000152 -0.021278 -0.053746  0.109141 -0.021278  0.053746  0.109141  0.072783 -0.128991  0.077933 0.072783 0.128991 0.077933  0.037646 -0.107492  0.157154 0.037646 0.107492 0.157154 -0.059034 -0.053746 -0.049082 -0.059034  0.053746 -0.049082 -0.072783         0  0.027956 -0.059034         0 -0.049082 
L5 0 0 0 5.6e-05       0 0.11622 -0.032148         0 -0.003283 
L3 0 0 0        0        0 0.105011 -0.032333         0 -0.000305 
T12 0 0 0        0        0 0.105011 -0.032333         0 -0.000305 
T8 0 0 0        0        0 0.147579         0 -0.032235   0.08238        0 0.032235  0.08238 -0.032215         0  0.147884   0.12886         0 -0.003526  0.12349        0 0.125334 -0.032215         0  0.094192 -0.032215         0 -0.000305 
Neck 0 0 0 0.000134        0 0.097765 -0.031494         0  -0.00739 -0.019674         0 -0.059991 
Head 0 0 0    7e-05        0 0.186664 -0.006684 -0.075059  0.075224 -0.006684  0.075059  0.075224 -0.064092         0  0.061716 
RightShoulder 0 0 0         0 -0.151703         0 0.124579 0.032478 0.043332         0 -0.173348  0.054165 
RightUpperArm 0 0 0            0 -5.55112e-17     -0.32421         0 -0.032417  -0.32419        0  0.03782 -0.32419 
RightForeArm 0 0 0       -2e-06 -5.55112e-17    -0.265174     -0.02701 -5.55112e-17    -0.264051     0.027009 -5.55112e-17    -0.266256   -0.02701 2.1684e-19   0.001082 
RightHand 0 0 0            0 -2.77556e-17    -0.198373    -0.043351 -2.77556e-17    -0.113817 -0.021676  0.010838 -0.037953 
LeftShoulder 0 0 0        0 0.151703        0  0.124579 -0.032478  0.043332        0 0.173348 0.054165 
LeftUpperArm 0 0 0           0 5.55112e-17    -0.32421        0 0.032417 -0.32419        0 -0.03782 -0.32419 
LeftForeArm 0 0 0      -2e-06 5.55112e-17   -0.265174    -0.02701 5.55112e-17   -0.264051    0.027009 5.55112e-17   -0.266256    -0.02701 -2.1684e-19    0.001082 
LeftHand 0 0 0           0 2.77556e-17   -0.198373   -0.043351 2.77556e-17   -0.113817 -0.021676 -0.010838 -0.037953 
RightUpperLeg 0 0 0   2.2e-05         0 -0.463628  0.001648 -0.077849 -0.033531 -0.007783 -0.044485 -0.463402 -0.007783  0.038925 -0.463402  0.038872         0 -0.461158 
RightLowerLeg 0 0 0  0.000137         0 -0.453193 -0.007715 -0.044513 -0.001136 -0.007715  0.038949 -0.001136   4.9e-05 -0.033385 -0.452692   4.9e-05  0.033385 -0.452692  0.064215         0 -0.034353 
RightFoot 0 0 0  0.153824         0 -0.069373 -0.043519         0 -0.084978  0.121861  0.037819 -0.085131  0.121861  -0.03992 -0.085131  0.143922         0 -0.085131         0         0 -0.086371  0.108204  0.010505 -0.022099 
RightToe 0 0 0 0.067658        0 -0.01614 -0.03396 0.038737 -0.01614  -0.03396 -0.040889  -0.01614 
LeftUpperLeg 0 0 0   2.2e-05         0 -0.463628  0.001648  0.077849 -0.033531 -0.007783  0.044485 -0.463402 -0.007783 -0.038925 -0.463402  0.038872         0 -0.461158 
LeftLowerLeg 0 0 0  0.000137         0 -0.453193 -0.007715  0.044513 -0.001136 -0.007715 -0.038949 -0.001136   4.9e-05  0.033385 -0.452692   4.9e-05 -0.033385 -0.452692  0.064215         0 -0.034353 
LeftFoot 0 0 0  0.153824         0 -0.069373 -0.043519         0 -0.084978  0.121861 -0.037819 -0.085131  0.121861   0.03992 -0.085131  0.143922         0 -0.085131         0         0 -0.086371  0.108204 -0.010505 -0.022099 
LeftToe 0 0 0 0.067658        0 -0.01614  -0.03396 -0.038737  -0.01614 -0.03396 0.040889 -0.01614 
