Pelvis -0.0635533 0.00626847 0.102301 0.831124 -0.0113676 -0.555682 0.0179189
L5 0 0 0 1 0 0 0
L3 0 0 0 1 0 0 0
T12 0 0 0 1 0 0 0
T8 0.150276 -0.000147421 0.0833761 0.850869 0.0424941 0.521745 -0.0446969
Neck 0 0 0 1 0 0 0
Head -0.0752767 -0.00029971 0.08163 0.622297 0.651319 -0.198962 0.385933
RightShoulder -0.0215838 -0.0537142 -0.0643052 0.461747 0.261017 -0.211139 -0.821024
RightUpperArm -0.0128489 -2.77556e-17 0.0394109 0.748601 -0.0428141 -0.0556769 -0.65929
RightForeArm -0.0594689 -2.77556e-17 0.0209055 0.747126 -0.169974 0.151089 -0.624567
RightHand -0.000263195 -1.38778e-17 0.0427497 0.749125 -0.174427 0.177521 -0.6139
LeftShoulder -0.0217567 0.0537191 -0.0643362 0.523806 0.0712116 -0.215966 -0.820923
LeftUpperArm -0.0296433 2.77556e-17 0.0144197 0.69855 0.0708266 0.0145339 0.711899
LeftForeArm -0.0398524 2.77556e-17 -0.00379837 0.726856 0.151538 0.055294 0.667575
LeftHand -0.00192091 1.38778e-17 0.0334326 0.744873 0.123055 0.046306 0.654123
RightUpperLeg 0.0127986 -0.0496436 -0.277804 -0.555782 -0.458766 -0.649874 0.241466
RightLowerLeg 0.0342513 0.00811019 -0.147261 0.641112 -0.31732 0.644222 0.270667
RightFoot 0.0893582 0.00108683 -0.0116294 -0.929447 -0.25954 -0.256102 -0.0563849
RightToe 0 0 0 1 0 0 0
LeftUpperLeg 0.0142358 0.0469197 -0.278136 0.524397 -0.511509 0.525447 0.432749
LeftLowerLeg 0.0343063 -0.00735197 -0.14729 -0.605961 -0.371173 -0.622177 0.328542
LeftFoot 0.0809729 -0.0157571 -0.00696622 -0.092532 0.241222 0.140563 0.955768
LeftToe 0 0 0 1 0 0 0
Pelvis 0 0 0 -3.1e-05        0 0.105586   1.5e-05 -0.085994  0.000152  1.5e-05 0.085994 0.000152 -0.021278 -0.053746  0.109141 -0.021278  0.053746  0.109141  0.072783 -0.128991  0.077933 0.072783 0.128991 0.077933  0.037646 -0.107492  0.157154 0.037646 0.107492 0.157154 -0.059034 -0.053746 -0.049082 -0.059034  0.053746 -0.049082 -0.072783         0  0.027956 -0.059034         0 -0.049082 
L5 0 0 0 5.6e-05       0 0.11622 -0.032148         0 -0.003283 
L3 0 0 0        0        0 0.105011 -0.032333         0 -0.000305 
T12 0 0 0        0        0 0.105011 -0.032333         0 -0.000305 
T8 0 0 0        0        0 0.147579         0 -0.032235   0.08238        0 0.032235  0.08238 -0.032215         0  0.147884   0.12886         0 -0.003526  0.12349        0 0.125334 -0.032215         0  0.094192 -0.032215         0 -0.000305 
Neck 0 0 0 0.000134        0 0.097765 -0.031494         0  -0.00739 -0.019674         0 -0.059991 
Head 0 0 0    7e-05        0 0.186664 -0.006684 -0.075059  0.075224 -0.006684  0.075059  0.075224 -0.064092         0  0.061716 
RightShoulder 0 0 0         0 -0.151703         0 0.124579 0.032478 0.043332         0 -0.173348  0.054165 
RightUpperArm 0 0 0            0 -5.55112e-17     -0.32421         0 -0.032417  -0.32419        0  0.03782 -0.32419 
RightForeArm 0 0 0       -2e-06 -5.55112e-17    -0.265174     -0.02701 -5.55112e-17    -0.264051     0.027009 -5.55112e-17    -0.266256   -0.02701 2.1684e-19   0.001082 
RightHand 0 0 0            0 -2.77556e-17    -0.198373    -0.043351 -2.77556e-17    -0.113817 -0.021676  0.010838 -0.037953 
LeftShoulder 0 0 0        0 0.151703        0  0.124579 -0.032478  0.043332        0 0.173348 0.054165 
LeftUpperArm 0 0 0           0 5.55112e-17    -0.32421        0 0.032417 -0.32419        0 -0.03782 -0.32419 
LeftForeArm 0 0 0      -2e-06 5.55112e-17   -0.265174    -0.02701 5.55112e-17   -0.264051    0.027009 5.55112e-17   -0.266256    -0.02701 -2.1684e-19    0.001082 
LeftHand 0 0 0           0 2.77556e-17   -0.198373   -0.043351 2.77556e-17   -0.113817 -0.021676 -0.010838 -0.037953 
RightUpperLeg 0 0 0   2.2e-05         0 -0.463628  0.001648 -0.077849 -0.033531 -0.007783 -0.044485 -0.463402 -0.007783  0.038925 -0.463402  0.038872         0 -0.461158 
RightLowerLeg 0 0 0  0.000137         0 -0.453193 -0.007715 -0.044513 -0.001136 -0.007715  0.038949 -0.001136   4.9e-05 -0.033385 -0.452692   4.9e-05  0.033385 -0.452692  0.064215         0 -0.034353 
RightFoot 0 0 0  0.153824         0 -0.069373 -0.043519         0 -0.084978  0.121861  0.037819 -0.085131  0.121861  -0.03992 -0.085131  0.143922         0 -0.085131         0         0 -0.086371  0.108204  0.010505 -0.022099 
RightToe 0 0 0 0.067658        0 -0.01614 -0.03396 0.038737 -0.01614  -0.03396 -0.040889  -0.01614 
LeftUpperLeg 0 0 0   2.2e-05         0 -0.463628  0.001648  0.077849 -0.033531 -0.007783  0.044485 -0.463402 -0.007783 -0.038925 -0.463402  0.038872         0 -0.461158 
LeftLowerLeg 0 0 0  0.000137         0 -0.453193 -0.007715  0.044513 -0.001136 -0.007715 -0.038949 -0.001136   4.9e-05  0.033385 -0.452692   4.9e-05 -0.033385 -0.452692  0.064215         0 -0.034353 
LeftFoot 0 0 0  0.153824         0 -0.069373 -0.043519         0 -0.084978  0.121861 -0.037819 -0.085131  0.121861   0.03992 -0.085131  0.143922         0 -0.085131         0         0 -0.086371  0.108204 -0.010505 -0.022099 
LeftToe 0 0 0 0.067658        0 -0.01614  -0.03396 -0.038737  -0.01614 -0.03396 0.040889 -0.01614 
