Pelvis -0.0537307 -0.0122291 0.102529 0.0303839 0.604949 -0.0240232 -0.795322
L5 0 0 0 1 0 0 0
L3 0 0 0 1 0 0 0
T12 0 0 0 1 0 0 0
T8 0.148123 0.00274582 0.094578 0.101947 -0.537964 -0.0686626 -0.833958
Neck 0 0 0 1 0 0 0
Head -0.0732038 0.00245902 0.0808133 0.912822 0.131402 0.355904 0.151063
RightShoulder -0.0159541 -0.0507531 -0.0684348 0.826019 0.274925 0.073277 -0.486558
RightUpperArm -0.0414987 -2.77556e-17 0.0156165 0.746706 -0.00457322 0.0262767 -0.664619
RightForeArm 0.041921 -2.77556e-17 0.078509 0.233407 -0.732049 0.606888 -0.203255
RightHand -0.00527971 -2.77556e-17 0.021724 0.760774 -0.188152 0.15995 -0.600199
LeftShoulder -0.0212675 0.0546446 -0.0644934 0.723206 -0.368347 -0.0697191 0.580028
LeftUpperArm -0.0775132 2.77556e-17 0.00403605 0.66826 -0.308751 -0.324888 0.593759
LeftForeArm -0.00125397 2.77556e-17 0.00252584 0.462071 0.579813 0.466002 0.482856
LeftHand 0.0197206 2.77556e-17 0.0197245 0.765911 0.195826 0.180736 0.585122
RightUpperLeg 0.0165111 -0.040318 -0.278183 -0.515685 -0.478433 -0.574238 0.418833
RightLowerLeg 0.0348608 0.00660695 -0.148101 0.582965 -0.346393 0.700383 0.22277
RightFoot 0.0926466 0.00415756 -0.0135514 0.92912 0.257416 0.248848 0.0924572
RightToe 0 0 0 1 0 0 0
LeftUpperLeg 0.0199206 0.0423377 -0.278418 0.459249 -0.517347 0.550796 0.466977
LeftLowerLeg 0.0331632 -0.00729708 -0.146877 -0.530936 -0.393308 -0.692657 0.28921
LeftFoot 0.0898477 -0.00261795 -0.0121191 -0.201534 0.227787 0.16424 0.938361
LeftToe 0 0 0 1 0 0 0
Pelvis 0 0 0 -3.1e-05        0  0.10558   1.6e-05 -0.085993  0.000154  1.6e-05 0.085993 0.000154 -0.021278 -0.053745   0.10914 -0.021278  0.053745   0.10914  0.072782 -0.128989  0.077932 0.072782 0.128989 0.077932  0.037646 -0.107491  0.157151 0.037646 0.107491 0.157151 -0.059033 -0.053745 -0.049081 -0.059033  0.053745 -0.049081 -0.072782         0  0.027956 -0.059033         0 -0.049081 
L5 0 0 0  5.7e-05        0 0.116208 -0.032147         0 -0.003287 
L3 0 0 0     0     0 0.105 -0.032332         0 -0.000309 
T12 0 0 0     0     0 0.105 -0.032332         0 -0.000309 
T8 0 0 0        0        0 0.147636         0 -0.032295  0.082412        0 0.032295 0.082412 -0.032229         0  0.147945  0.128917         0 -0.003532 0.123545        0 0.125385 -0.032229         0   0.09423 -0.032229         0 -0.000309 
Neck 0 0 0 0.000136        0 0.097755 -0.031493         0 -0.007394 -0.019672         0 -0.059995 
Head 0 0 0 7.1e-05       0 0.18664 -0.006682 -0.075053  0.075213 -0.006682  0.075053  0.075213 -0.064085         0  0.061706 
RightShoulder 0 0 0         0 -0.151955         0 0.124756 0.032479 0.043393         0 -0.173694  0.054242 
RightUpperArm 0 0 0            0 -5.55112e-17    -0.324068         0 -0.032404 -0.324056         0  0.037805 -0.324056 
RightForeArm 0 0 0       -1e-06 -5.55112e-17    -0.265075    -0.027002 -5.55112e-17    -0.263961     0.027001 -5.55112e-17    -0.266166  -0.027002 2.1684e-19    0.00109 
RightHand 0 0 0            0 -5.55112e-17    -0.198312    -0.043342 -2.77556e-17    -0.113784 -0.021671  0.010835 -0.037936 
LeftShoulder 0 0 0        0 0.151955        0  0.124756 -0.032479  0.043393        0 0.173694 0.054242 
LeftUpperArm 0 0 0           0 5.55112e-17   -0.324068         0  0.032404 -0.324056         0 -0.037805 -0.324056 
LeftForeArm 0 0 0      -1e-06 5.55112e-17   -0.265075   -0.027002 5.55112e-17   -0.263961    0.027001 5.55112e-17   -0.266166   -0.027002 -2.1684e-19     0.00109 
LeftHand 0 0 0           0 5.55112e-17   -0.198312   -0.043342 2.77556e-17   -0.113784 -0.021671 -0.010835 -0.037936 
RightUpperLeg 0 0 0   1.9e-05         0 -0.462187  0.001643 -0.077616 -0.033474  -0.00776 -0.044352  -0.46201 -0.00776 0.038808 -0.46201  0.038756         0 -0.459773 
RightLowerLeg 0 0 0  0.000133         0 -0.454656 -0.007743 -0.044648 -0.001183 -0.007743  0.039067 -0.001183   4.5e-05 -0.033486 -0.454109   4.5e-05  0.033486 -0.454109  0.064406         0 -0.034501 
RightFoot 0 0 0  0.153826         0 -0.069379 -0.043518         0 -0.084982  0.121864   0.03782 -0.085137  0.121864 -0.039921 -0.085137  0.143926         0 -0.085137         0         0 -0.086384  0.108207  0.010506 -0.022104 
RightToe 0 0 0  0.067658         0 -0.016141 -0.033964  0.038739 -0.016141 -0.033964 -0.040891 -0.016141 
LeftUpperLeg 0 0 0   1.9e-05         0 -0.462187  0.001643  0.077616 -0.033474 -0.00776 0.044352 -0.46201  -0.00776 -0.038808  -0.46201  0.038756         0 -0.459773 
LeftLowerLeg 0 0 0  0.000133         0 -0.454656 -0.007743  0.044648 -0.001183 -0.007743 -0.039067 -0.001183   4.5e-05  0.033486 -0.454109   4.5e-05 -0.033486 -0.454109  0.064406         0 -0.034501 
LeftFoot 0 0 0  0.153826         0 -0.069379 -0.043518         0 -0.084982  0.121864  -0.03782 -0.085137  0.121864  0.039921 -0.085137  0.143926         0 -0.085137         0         0 -0.086384  0.108207 -0.010506 -0.022104 
LeftToe 0 0 0  0.067658         0 -0.016141 -0.033964 -0.038739 -0.016141 -0.033964  0.040891 -0.016141 
