Pelvis -0.0566665 -1.56232e-06 0.095245 0.0324444 0.605802 -0.023255 -0.794612
L5 0 0 0 1 0 0 0
L3 0 0 0 1 0 0 0
T12 0 0 0 1 0 0 0
T8 0.155455 -0.0115901 0.0805341 0.101957 -0.537919 -0.0686537 -0.833987
Neck 0 0 0 1 0 0 0
Head -0.0811869 0.00429766 0.0766629 0.91291 0.1313 0.355691 0.151122
RightShoulder -0.0186151 -0.0521619 -0.0663732 0.82602 0.274978 0.0732528 -0.486533
RightUpperArm -0.017735 -2.77556e-17 0.0205302 0.746728 -0.00455778 0.0262906 -0.664595
RightForeArm 0.0168833 -2.77556e-17 0.0467225 0.233416 -0.732068 0.606874 -0.203219
RightHand -0.00418361 -2.77556e-17 0.0278335 0.760779 -0.188152 0.159945 -0.600192
LeftShoulder -0.038164 0.0483131 -0.0716563 0.723217 -0.368376 -0.0697515 0.579991
LeftUpperArm -0.0136749 2.77556e-17 0.0221486 0.668288 -0.308745 -0.324888 0.593731
LeftForeArm -0.00548565 2.77556e-17 0.0489215 0.462069 0.579848 0.465971 0.482846
LeftHand -0.00332965 2.77556e-17 0.0257616 0.765919 0.195831 0.180729 0.585112
RightUpperLeg 0.0163141 -0.0398388 -0.278257 -0.515158 -0.479538 -0.572913 0.420032
RightLowerLeg 0.0347553 0.00663661 -0.147512 0.58303 -0.347301 0.699771 0.223109
RightFoot 0.0884928 0.00349831 -0.00766773 0.930129 0.258001 0.246482 0.0868436
RightToe 0 0 0 1 0 0 0
LeftUpperLeg 0.0153515 0.042795 -0.287261 0.458128 -0.518163 0.551065 0.466855
LeftLowerLeg 0.0330129 -0.00578077 -0.153562 -0.530494 -0.393686 -0.692832 0.289084
LeftFoot 0.0999513 -0.00494918 -0.020617 -0.203496 0.22801 0.163306 0.938047
LeftToe 0 0 0 1 0 0 0
Pelvis 0 0 0 -3.1e-05        0  0.10558   1.6e-05 -0.085993  0.000154  1.6e-05 0.085993 0.000154 -0.021278 -0.053745   0.10914 -0.021278  0.053745   0.10914  0.072782 -0.128989  0.077932 0.072782 0.128989 0.077932  0.037646 -0.107491  0.157151 0.037646 0.107491 0.157151 -0.059033 -0.053745 -0.049081 -0.059033  0.053745 -0.049081 -0.072782         0  0.027956 -0.059033         0 -0.049081 
L5 0 0 0  5.7e-05        0 0.116208 -0.032147         0 -0.003287 
L3 0 0 0     0     0 0.105 -0.032332         0 -0.000309 
T12 0 0 0     0     0 0.105 -0.032332         0 -0.000309 
T8 0 0 0        0        0 0.147636         0 -0.032295  0.082412        0 0.032295 0.082412 -0.032229         0  0.147945  0.128917         0 -0.003532 0.123545        0 0.125385 -0.032229         0   0.09423 -0.032229         0 -0.000309 
Neck 0 0 0 0.000136        0 0.097755 -0.031493         0 -0.007394 -0.019672         0 -0.059995 
Head 0 0 0 7.1e-05       0 0.18664 -0.006682 -0.075053  0.075213 -0.006682  0.075053  0.075213 -0.064085         0  0.061706 
RightShoulder 0 0 0         0 -0.151955         0 0.124756 0.032479 0.043393         0 -0.173694  0.054242 
RightUpperArm 0 0 0            0 -5.55112e-17    -0.324068         0 -0.032404 -0.324056         0  0.037805 -0.324056 
RightForeArm 0 0 0       -1e-06 -5.55112e-17    -0.265075    -0.027002 -5.55112e-17    -0.263961     0.027001 -5.55112e-17    -0.266166  -0.027002 2.1684e-19    0.00109 
RightHand 0 0 0            0 -5.55112e-17    -0.198312    -0.043342 -2.77556e-17    -0.113784 -0.021671  0.010835 -0.037936 
LeftShoulder 0 0 0        0 0.151955        0  0.124756 -0.032479  0.043393        0 0.173694 0.054242 
LeftUpperArm 0 0 0           0 5.55112e-17   -0.324068         0  0.032404 -0.324056         0 -0.037805 -0.324056 
LeftForeArm 0 0 0      -1e-06 5.55112e-17   -0.265075   -0.027002 5.55112e-17   -0.263961    0.027001 5.55112e-17   -0.266166   -0.027002 -2.1684e-19     0.00109 
LeftHand 0 0 0           0 5.55112e-17   -0.198312   -0.043342 2.77556e-17   -0.113784 -0.021671 -0.010835 -0.037936 
RightUpperLeg 0 0 0   1.9e-05         0 -0.462187  0.001643 -0.077616 -0.033474  -0.00776 -0.044352  -0.46201 -0.00776 0.038808 -0.46201  0.038756         0 -0.459773 
RightLowerLeg 0 0 0  0.000133         0 -0.454656 -0.007743 -0.044648 -0.001183 -0.007743  0.039067 -0.001183   4.5e-05 -0.033486 -0.454109   4.5e-05  0.033486 -0.454109  0.064406         0 -0.034501 
RightFoot 0 0 0  0.153826         0 -0.069379 -0.043518         0 -0.084982  0.121864   0.03782 -0.085137  0.121864 -0.039921 -0.085137  0.143926         0 -0.085137         0         0 -0.086384  0.108207  0.010506 -0.022104 
RightToe 0 0 0  0.067658         0 -0.016141 -0.033964  0.038739 -0.016141 -0.033964 -0.040891 -0.016141 
LeftUpperLeg 0 0 0   1.9e-05         0 -0.462187  0.001643  0.077616 -0.033474 -0.00776 0.044352 -0.46201  -0.00776 -0.038808  -0.46201  0.038756         0 -0.459773 
LeftLowerLeg 0 0 0  0.000133         0 -0.454656 -0.007743  0.044648 -0.001183 -0.007743 -0.039067 -0.001183   4.5e-05  0.033486 -0.454109   4.5e-05 -0.033486 -0.454109  0.064406         0 -0.034501 
LeftFoot 0 0 0  0.153826         0 -0.069379 -0.043518         0 -0.084982  0.121864  -0.03782 -0.085137  0.121864  0.039921 -0.085137  0.143926         0 -0.085137         0         0 -0.086384  0.108207 -0.010506 -0.022104 
LeftToe 0 0 0  0.067658         0 -0.016141 -0.033964 -0.038739 -0.016141 -0.033964  0.040891 -0.016141 
