Pelvis -0.0648429 -0.00625541 0.100695 0.831359 -0.011748 -0.555362 0.0166471
L5 0 0 0 1 0 0 0
L3 0 0 0 1 0 0 0
T12 0 0 0 1 0 0 0
T8 0.150432 0.000488158 0.0822524 0.850887 0.0424875 0.521718 -0.0446901
Neck 0 0 0 1 0 0 0
Head -0.073988 0.000246982 0.0820647 0.622255 0.651167 -0.199103 0.386183
RightShoulder -0.0213982 -0.0542621 -0.0642624 0.461752 0.261046 -0.211179 -0.821002
RightUpperArm -0.00953552 -2.77556e-17 0.0223729 0.748626 -0.0428209 -0.0556564 -0.659263
RightForeArm -0.0612148 -2.77556e-17 0.00848186 0.74715 -0.169987 0.151079 -0.624537
RightHand -0.00279928 -1.38778e-17 0.0322357 0.74913 -0.174429 0.177518 -0.613894
LeftShoulder -0.0199134 0.0437155 -0.0627264 0.523782 0.0712523 -0.215997 -0.820926
LeftUpperArm -0.0195929 2.77556e-17 0.0247846 0.698571 0.0708313 0.0145166 0.711878
LeftForeArm -0.0447102 2.77556e-17 -0.00794272 0.726885 0.151544 0.055273 0.667546
LeftHand -0.00257333 1.38778e-17 0.0253343 0.74488 0.123061 0.0462977 0.654115
RightUpperLeg 0.0129978 -0.0468619 -0.278226 -0.551812 -0.460725 -0.653955 0.235753
RightLowerLeg 0.0341859 0.00809854 -0.147252 0.641311 -0.314108 0.645081 0.271896
RightFoot 0.0893928 0.00109221 -0.0116794 -0.929101 -0.259947 -0.256574 -0.0580209
RightToe 0 0 0 1 0 0 0
LeftUpperLeg 0.0147126 0.0463778 -0.278224 0.523608 -0.514009 0.526492 0.429458
LeftLowerLeg 0.034344 -0.00747924 -0.147271 -0.607929 -0.369189 -0.620584 0.330147
LeftFoot 0.0826862 -0.0166362 -0.00850863 -0.0739708 0.243832 0.13801 0.957094
LeftToe 0 0 0 1 0 0 0
Pelvis 0 0 0 -3.1e-05        0 0.105586   1.5e-05 -0.085994  0.000152  1.5e-05 0.085994 0.000152 -0.021278 -0.053746  0.109141 -0.021278  0.053746  0.109141  0.072783 -0.128991  0.077933 0.072783 0.128991 0.077933  0.037646 -0.107492  0.157154 0.037646 0.107492 0.157154 -0.059034 -0.053746 -0.049082 -0.059034  0.053746 -0.049082 -0.072783         0  0.027956 -0.059034         0 -0.049082 
L5 0 0 0 5.6e-05       0 0.11622 -0.032148         0 -0.003283 
L3 0 0 0        0        0 0.105011 -0.032333         0 -0.000305 
T12 0 0 0        0        0 0.105011 -0.032333         0 -0.000305 
T8 0 0 0        0        0 0.147579         0 -0.032235   0.08238        0 0.032235  0.08238 -0.032215         0  0.147884   0.12886         0 -0.003526  0.12349        0 0.125334 -0.032215         0  0.094192 -0.032215         0 -0.000305 
Neck 0 0 0 0.000134        0 0.097765 -0.031494         0  -0.00739 -0.019674         0 -0.059991 
Head 0 0 0    7e-05        0 0.186664 -0.006684 -0.075059  0.075224 -0.006684  0.075059  0.075224 -0.064092         0  0.061716 
RightShoulder 0 0 0         0 -0.151703         0 0.124579 0.032478 0.043332         0 -0.173348  0.054165 
RightUpperArm 0 0 0            0 -5.55112e-17     -0.32421         0 -0.032417  -0.32419        0  0.03782 -0.32419 
RightForeArm 0 0 0       -2e-06 -5.55112e-17    -0.265174     -0.02701 -5.55112e-17    -0.264051     0.027009 -5.55112e-17    -0.266256   -0.02701 2.1684e-19   0.001082 
RightHand 0 0 0            0 -2.77556e-17    -0.198373    -0.043351 -2.77556e-17    -0.113817 -0.021676  0.010838 -0.037953 
LeftShoulder 0 0 0        0 0.151703        0  0.124579 -0.032478  0.043332        0 0.173348 0.054165 
LeftUpperArm 0 0 0           0 5.55112e-17    -0.32421        0 0.032417 -0.32419        0 -0.03782 -0.32419 
LeftForeArm 0 0 0      -2e-06 5.55112e-17   -0.265174    -0.02701 5.55112e-17   -0.264051    0.027009 5.55112e-17   -0.266256    -0.02701 -2.1684e-19    0.001082 
LeftHand 0 0 0           0 2.77556e-17   -0.198373   -0.043351 2.77556e-17   -0.113817 -0.021676 -0.010838 -0.037953 
RightUpperLeg 0 0 0   2.2e-05         0 -0.463628  0.001648 -0.077849 -0.033531 -0.007783 -0.044485 -0.463402 -0.007783  0.038925 -0.463402  0.038872         0 -0.461158 
RightLowerLeg 0 0 0  0.000137         0 -0.453193 -0.007715 -0.044513 -0.001136 -0.007715  0.038949 -0.001136   4.9e-05 -0.033385 -0.452692   4.9e-05  0.033385 -0.452692  0.064215         0 -0.034353 
RightFoot 0 0 0  0.153824         0 -0.069373 -0.043519         0 -0.084978  0.121861  0.037819 -0.085131  0.121861  -0.03992 -0.085131  0.143922         0 -0.085131         0         0 -0.086371  0.108204  0.010505 -0.022099 
RightToe 0 0 0 0.067658        0 -0.01614 -0.03396 0.038737 -0.01614  -0.03396 -0.040889  -0.01614 
LeftUpperLeg 0 0 0   2.2e-05         0 -0.463628  0.001648  0.077849 -0.033531 -0.007783  0.044485 -0.463402 -0.007783 -0.038925 -0.463402  0.038872         0 -0.461158 
LeftLowerLeg 0 0 0  0.000137         0 -0.453193 -0.007715  0.044513 -0.001136 -0.007715 -0.038949 -0.001136   4.9e-05  0.033385 -0.452692   4.9e-05 -0.033385 -0.452692  0.064215         0 -0.034353 
LeftFoot 0 0 0  0.153824         0 -0.069373 -0.043519         0 -0.084978  0.121861 -0.037819 -0.085131  0.121861   0.03992 -0.085131  0.143922         0 -0.085131         0         0 -0.086371  0.108204 -0.010505 -0.022099 
LeftToe 0 0 0 0.067658        0 -0.01614  -0.03396 -0.038737  -0.01614 -0.03396 0.040889 -0.01614 
