Pelvis -0.063428 -0.00792847 0.104774 0.0305624 0.604741 -0.0237037 -0.795482
L5 0 0 0 1 0 0 0
L3 0 0 0 1 0 0 0
T12 0 0 0 1 0 0 0
T8 0.146563 0.00922627 0.092451 0.101952 -0.537958 -0.0686525 -0.833962
Neck 0 0 0 1 0 0 0
Head -0.0709842 0.000559469 0.0766678 0.912802 0.131434 0.355951 0.151055
RightShoulder -0.0275698 -0.0571047 -0.0672031 0.826011 0.274938 0.0732858 -0.486563
RightUpperArm -0.002987 -2.77556e-17 0.0213303 0.746705 -0.0045656 0.026267 -0.66462
RightForeArm 0.00223331 -2.77556e-17 0.0476163 0.233412 -0.732048 0.60689 -0.203251
RightHand -0.00178097 -2.77556e-17 0.0374434 0.760775 -0.18815 0.159947 -0.600197
LeftShoulder -0.0212503 0.0546764 -0.0660334 0.723213 -0.368338 -0.0697255 0.580025
LeftUpperArm -0.0265035 2.77556e-17 0.016134 0.668269 -0.308733 -0.324886 0.593758
LeftForeArm -0.0382788 2.77556e-17 0.00281042 0.462062 0.579826 0.465996 0.482853
LeftHand -0.000886179 2.77556e-17 0.0321584 0.765911 0.195827 0.180735 0.58512
RightUpperLeg 0.0162961 -0.0399405 -0.278236 -0.515181 -0.479104 -0.573677 0.419457
RightLowerLeg 0.0347058 0.00666893 -0.14762 0.582812 -0.346586 0.70023 0.223357
RightFoot 0.0947513 0.00438351 -0.00891508 0.928559 0.258142 0.249437 0.0944587
RightToe 0 0 0 1 0 0 0
LeftUpperLeg 0.0152387 0.0450316 -0.288055 0.458388 -0.517997 0.551532 0.466231
LeftLowerLeg 0.0346145 -0.00704815 -0.151303 -0.531023 -0.393025 -0.69264 0.289477
LeftFoot 0.0893033 -0.00425965 -0.00286107 -0.198631 0.228672 0.164778 0.938671
LeftToe 0 0 0 1 0 0 0
Pelvis 0 0 0 -3.1e-05        0  0.10558   1.6e-05 -0.085993  0.000154  1.6e-05 0.085993 0.000154 -0.021278 -0.053745   0.10914 -0.021278  0.053745   0.10914  0.072782 -0.128989  0.077932 0.072782 0.128989 0.077932  0.037646 -0.107491  0.157151 0.037646 0.107491 0.157151 -0.059033 -0.053745 -0.049081 -0.059033  0.053745 -0.049081 -0.072782         0  0.027956 -0.059033         0 -0.049081 
L5 0 0 0  5.7e-05        0 0.116208 -0.032147         0 -0.003287 
L3 0 0 0     0     0 0.105 -0.032332         0 -0.000309 
T12 0 0 0     0     0 0.105 -0.032332         0 -0.000309 
T8 0 0 0        0        0 0.147636         0 -0.032295  0.082412        0 0.032295 0.082412 -0.032229         0  0.147945  0.128917         0 -0.003532 0.123545        0 0.125385 -0.032229         0   0.09423 -0.032229         0 -0.000309 
Neck 0 0 0 0.000136        0 0.097755 -0.031493         0 -0.007394 -0.019672         0 -0.059995 
Head 0 0 0 7.1e-05       0 0.18664 -0.006682 -0.075053  0.075213 -0.006682  0.075053  0.075213 -0.064085         0  0.061706 
RightShoulder 0 0 0         0 -0.151955         0 0.124756 0.032479 0.043393         0 -0.173694  0.054242 
RightUpperArm 0 0 0            0 -5.55112e-17    -0.324068         0 -0.032404 -0.324056         0  0.037805 -0.324056 
RightForeArm 0 0 0       -1e-06 -5.55112e-17    -0.265075    -0.027002 -5.55112e-17    -0.263961     0.027001 -5.55112e-17    -0.266166  -0.027002 2.1684e-19    0.00109 
RightHand 0 0 0            0 -5.55112e-17    -0.198312    -0.043342 -2.77556e-17    -0.113784 -0.021671  0.010835 -0.037936 
LeftShoulder 0 0 0        0 0.151955        0  0.124756 -0.032479  0.043393        0 0.173694 0.054242 
LeftUpperArm 0 0 0           0 5.55112e-17   -0.324068         0  0.032404 -0.324056         0 -0.037805 -0.324056 
LeftForeArm 0 0 0      -1e-06 5.55112e-17   -0.265075   -0.027002 5.55112e-17   -0.263961    0.027001 5.55112e-17   -0.266166   -0.027002 -2.1684e-19     0.00109 
LeftHand 0 0 0           0 5.55112e-17   -0.198312   -0.043342 2.77556e-17   -0.113784 -0.021671 -0.010835 -0.037936 
RightUpperLeg 0 0 0   1.9e-05         0 -0.462187  0.001643 -0.077616 -0.033474  -0.00776 -0.044352  -0.46201 -0.00776 0.038808 -0.46201  0.038756         0 -0.459773 
RightLowerLeg 0 0 0  0.000133         0 -0.454656 -0.007743 -0.044648 -0.001183 -0.007743  0.039067 -0.001183   4.5e-05 -0.033486 -0.454109   4.5e-05  0.033486 -0.454109  0.064406         0 -0.034501 
RightFoot 0 0 0  0.153826         0 -0.069379 -0.043518         0 -0.084982  0.121864   0.03782 -0.085137  0.121864 -0.039921 -0.085137  0.143926         0 -0.085137         0         0 -0.086384  0.108207  0.010506 -0.022104 
RightToe 0 0 0  0.067658         0 -0.016141 -0.033964  0.038739 -0.016141 -0.033964 -0.040891 -0.016141 
LeftUpperLeg 0 0 0   1.9e-05         0 -0.462187  0.001643  0.077616 -0.033474 -0.00776 0.044352 -0.46201  -0.00776 -0.038808  -0.46201  0.038756         0 -0.459773 
LeftLowerLeg 0 0 0  0.000133         0 -0.454656 -0.007743  0.044648 -0.001183 -0.007743 -0.039067 -0.001183   4.5e-05  0.033486 -0.454109   4.5e-05 -0.033486 -0.454109  0.064406         0 -0.034501 
LeftFoot 0 0 0  0.153826         0 -0.069379 -0.043518         0 -0.084982  0.121864  -0.03782 -0.085137  0.121864  0.039921 -0.085137  0.143926         0 -0.085137         0         0 -0.086384  0.108207 -0.010506 -0.022104 
LeftToe 0 0 0  0.067658         0 -0.016141 -0.033964 -0.038739 -0.016141 -0.033964  0.040891 -0.016141 
