Pelvis -0.0584842 -0.00147303 0.0995405 0.0311397 0.605999 -0.0237939 -0.7945
L5 0 0 0 1 0 0 0
L3 0 0 0 1 0 0 0
T12 0 0 0 1 0 0 0
T8 0.141269 -0.00214074 0.0967491 0.101955 -0.537971 -0.068671 -0.833953
Neck 0 0 0 1 0 0 0
Head -0.0788541 0.000156233 0.0777234 0.912821 0.131401 0.355909 0.151067
RightShoulder -0.0212833 -0.0590112 -0.0708328 0.826024 0.274928 0.073286 -0.486547
RightUpperArm -0.0575289 -2.77556e-17 0.0212857 0.746699 -0.00458083 0.0262818 -0.664626
RightForeArm -0.0164264 -2.77556e-17 0.00245127 0.233402 -0.732046 0.606895 -0.203251
RightHand -0.000528043 -2.77556e-17 0.0171579 0.760773 -0.188152 0.159951 -0.6002
LeftShoulder -0.0218684 0.0586647 -0.0570185 0.723197 -0.368349 -0.0697211 0.580038
LeftUpperArm 0.00841041 2.77556e-17 0.0524786 0.668257 -0.308753 -0.324903 0.593752
LeftForeArm 0.00541232 2.77556e-17 0.0200426 0.462072 0.579817 0.465984 0.482869
LeftHand -0.0120246 2.77556e-17 0.0196498 0.765912 0.195825 0.180731 0.585121
RightUpperLeg 0.013911 -0.0492195 -0.287306 0.505904 0.492309 0.553367 -0.442129
RightLowerLeg 0.036219 0.0102415 -0.144005 -0.579469 0.358001 -0.694103 -0.232962
RightFoot 0.0963629 0.0106319 -0.00821974 -0.929908 -0.259113 -0.246644 -0.0854241
RightToe 0 0 0 1 0 0 0
LeftUpperLeg 0.0166669 0.0489606 -0.284727 -0.461984 0.514823 -0.547348 -0.471104
LeftLowerLeg 0.0335724 -0.00682334 -0.139965 0.53064 0.393796 0.692239 -0.290088
LeftFoot 0.0878886 -0.00782854 -0.00682411 0.204698 -0.227583 -0.16463 -0.937658
LeftToe 0 0 0 1 0 0 0
Pelvis 0 0 0 -3.1e-05        0  0.10558   1.6e-05 -0.085993  0.000154  1.6e-05 0.085993 0.000154 -0.021278 -0.053745   0.10914 -0.021278  0.053745   0.10914  0.072782 -0.128989  0.077932 0.072782 0.128989 0.077932  0.037646 -0.107491  0.157151 0.037646 0.107491 0.157151 -0.059033 -0.053745 -0.049081 -0.059033  0.053745 -0.049081 -0.072782         0  0.027956 -0.059033         0 -0.049081 
L5 0 0 0  5.7e-05        0 0.116208 -0.032147         0 -0.003287 
L3 0 0 0     0     0 0.105 -0.032332         0 -0.000309 
T12 0 0 0     0     0 0.105 -0.032332         0 -0.000309 
T8 0 0 0        0        0 0.147636         0 -0.032295  0.082412        0 0.032295 0.082412 -0.032229         0  0.147945  0.128917         0 -0.003532 0.123545        0 0.125385 -0.032229         0   0.09423 -0.032229         0 -0.000309 
Neck 0 0 0 0.000136        0 0.097755 -0.031493         0 -0.007394 -0.019672         0 -0.059995 
Head 0 0 0 7.1e-05       0 0.18664 -0.006682 -0.075053  0.075213 -0.006682  0.075053  0.075213 -0.064085         0  0.061706 
RightShoulder 0 0 0         0 -0.151955         0 0.124756 0.032479 0.043393         0 -0.173694  0.054242 
RightUpperArm 0 0 0            0 -5.55112e-17    -0.324068         0 -0.032404 -0.324056         0  0.037805 -0.324056 
RightForeArm 0 0 0       -1e-06 -5.55112e-17    -0.265075    -0.027002 -5.55112e-17    -0.263961     0.027001 -5.55112e-17    -0.266166  -0.027002 2.1684e-19    0.00109 
RightHand 0 0 0            0 -5.55112e-17    -0.198312    -0.043342 -2.77556e-17    -0.113784 -0.021671  0.010835 -0.037936 
LeftShoulder 0 0 0        0 0.151955        0  0.124756 -0.032479  0.043393        0 0.173694 0.054242 
LeftUpperArm 0 0 0           0 5.55112e-17   -0.324068         0  0.032404 -0.324056         0 -0.037805 -0.324056 
LeftForeArm 0 0 0      -1e-06 5.55112e-17   -0.265075   -0.027002 5.55112e-17   -0.263961    0.027001 5.55112e-17   -0.266166   -0.027002 -2.1684e-19     0.00109 
LeftHand 0 0 0           0 5.55112e-17   -0.198312   -0.043342 2.77556e-17   -0.113784 -0.021671 -0.010835 -0.037936 
RightUpperLeg 0 0 0   1.9e-05         0 -0.462187  0.001643 -0.077616 -0.033474  -0.00776 -0.044352  -0.46201 -0.00776 0.038808 -0.46201  0.038756         0 -0.459773 
RightLowerLeg 0 0 0  0.000133         0 -0.454656 -0.007743 -0.044648 -0.001183 -0.007743  0.039067 -0.001183   4.5e-05 -0.033486 -0.454109   4.5e-05  0.033486 -0.454109  0.064406         0 -0.034501 
RightFoot 0 0 0  0.153826         0 -0.069379 -0.043518         0 -0.084982  0.121864   0.03782 -0.085137  0.121864 -0.039921 -0.085137  0.143926         0 -0.085137         0         0 -0.086384  0.108207  0.010506 -0.022104 
RightToe 0 0 0  0.067658         0 -0.016141 -0.033964  0.038739 -0.016141 -0.033964 -0.040891 -0.016141 
LeftUpperLeg 0 0 0   1.9e-05         0 -0.462187  0.001643  0.077616 -0.033474 -0.00776 0.044352 -0.46201  -0.00776 -0.038808  -0.46201  0.038756         0 -0.459773 
LeftLowerLeg 0 0 0  0.000133         0 -0.454656 -0.007743  0.044648 -0.001183 -0.007743 -0.039067 -0.001183   4.5e-05  0.033486 -0.454109   4.5e-05 -0.033486 -0.454109  0.064406         0 -0.034501 
LeftFoot 0 0 0  0.153826         0 -0.069379 -0.043518         0 -0.084982  0.121864  -0.03782 -0.085137  0.121864  0.039921 -0.085137  0.143926         0 -0.085137         0         0 -0.086384  0.108207 -0.010506 -0.022104 
LeftToe 0 0 0  0.067658         0 -0.016141 -0.033964 -0.038739 -0.016141 -0.033964  0.040891 -0.016141 
