Pelvis -0.05984 -6.61761e-05 0.102899 0.831426 -0.0113822 -0.555258 0.0170122
L5 0 0 0 1 0 0 0
L3 0 0 0 1 0 0 0
T12 0 0 0 1 0 0 0
T8 0.150316 -0.000109202 0.0833664 0.850864 0.0424805 0.521756 -0.0446888
Neck 0 0 0 1 0 0 0
Head -0.0743484 -0.000102352 0.0823422 0.622297 0.651287 -0.198971 0.385981
RightShoulder -0.0216641 -0.0542083 -0.0642952 0.461764 0.261009 -0.211137 -0.821018
RightUpperArm -0.0271045 -2.77556e-17 0.0204268 0.748598 -0.0428231 -0.0556713 -0.659294
RightForeArm -0.0246364 -2.77556e-17 -0.00861987 0.747115 -0.169985 0.151099 -0.624574
RightHand 0.00034791 -1.38778e-17 0.0202628 0.749123 -0.174427 0.177523 -0.613901
LeftShoulder -0.0217048 0.0539141 -0.0643044 0.523828 0.0712114 -0.215976 -0.820907
LeftUpperArm -0.00314493 2.77556e-17 0.0237926 0.69855 0.0708169 0.0145292 0.7119
LeftForeArm -0.00213985 2.77556e-17 0.0143962 0.726857 0.151526 0.0552868 0.66758
LeftHand -1.71918e-05 1.38778e-17 0.0246254 0.744873 0.123054 0.0463036 0.654124
RightUpperLeg 0.0134521 -0.0471213 -0.278118 0.555528 0.455173 0.655049 -0.234769
RightLowerLeg 0.0342517 0.00792109 -0.14725 -0.641959 0.313972 -0.645935 -0.268475
RightFoot 0.0893252 0.00148847 -0.0117093 0.928928 0.259193 0.257488 0.0601087
RightToe 0 0 0 1 0 0 0
LeftUpperLeg 0.013624 0.0468544 -0.278225 -0.519509 0.518369 -0.520128 -0.436889
LeftLowerLeg 0.0343483 -0.0078367 -0.147261 0.605039 0.374067 0.619441 -0.332106
LeftFoot 0.0892583 -0.0034212 -0.0115777 0.191058 -0.228765 -0.165233 -0.940139
LeftToe 0 0 0 1 0 0 0
Pelvis 0 0 0 -3.1e-05        0 0.105586   1.5e-05 -0.085994  0.000152  1.5e-05 0.085994 0.000152 -0.021278 -0.053746  0.109141 -0.021278  0.053746  0.109141  0.072783 -0.128991  0.077933 0.072783 0.128991 0.077933  0.037646 -0.107492  0.157154 0.037646 0.107492 0.157154 -0.059034 -0.053746 -0.049082 -0.059034  0.053746 -0.049082 -0.072783         0  0.027956 -0.059034         0 -0.049082 
L5 0 0 0 5.6e-05       0 0.11622 -0.032148         0 -0.003283 
L3 0 0 0        0        0 0.105011 -0.032333         0 -0.000305 
T12 0 0 0        0        0 0.105011 -0.032333         0 -0.000305 
T8 0 0 0        0        0 0.147579         0 -0.032235   0.08238        0 0.032235  0.08238 -0.032215         0  0.147884   0.12886         0 -0.003526  0.12349        0 0.125334 -0.032215         0  0.094192 -0.032215         0 -0.000305 
Neck 0 0 0 0.000134        0 0.097765 -0.031494         0  -0.00739 -0.019674         0 -0.059991 
Head 0 0 0    7e-05        0 0.186664 -0.006684 -0.075059  0.075224 -0.006684  0.075059  0.075224 -0.064092         0  0.061716 
RightShoulder 0 0 0         0 -0.151703         0 0.124579 0.032478 0.043332         0 -0.173348  0.054165 
RightUpperArm 0 0 0            0 -5.55112e-17     -0.32421         0 -0.032417  -0.32419        0  0.03782 -0.32419 
RightForeArm 0 0 0       -2e-06 -5.55112e-17    -0.265174     -0.02701 -5.55112e-17    -0.264051     0.027009 -5.55112e-17    -0.266256   -0.02701 2.1684e-19   0.001082 
RightHand 0 0 0            0 -2.77556e-17    -0.198373    -0.043351 -2.77556e-17    -0.113817 -0.021676  0.010838 -0.037953 
LeftShoulder 0 0 0        0 0.151703        0  0.124579 -0.032478  0.043332        0 0.173348 0.054165 
LeftUpperArm 0 0 0           0 5.55112e-17    -0.32421        0 0.032417 -0.32419        0 -0.03782 -0.32419 
LeftForeArm 0 0 0      -2e-06 5.55112e-17   -0.265174    -0.02701 5.55112e-17   -0.264051    0.027009 5.55112e-17   -0.266256    -0.02701 -2.1684e-19    0.001082 
LeftHand 0 0 0           0 2.77556e-17   -0.198373   -0.043351 2.77556e-17   -0.113817 -0.021676 -0.010838 -0.037953 
RightUpperLeg 0 0 0   2.2e-05         0 -0.463628  0.001648 -0.077849 -0.033531 -0.007783 -0.044485 -0.463402 -0.007783  0.038925 -0.463402  0.038872         0 -0.461158 
RightLowerLeg 0 0 0  0.000137         0 -0.453193 -0.007715 -0.044513 -0.001136 -0.007715  0.038949 -0.001136   4.9e-05 -0.033385 -0.452692   4.9e-05  0.033385 -0.452692  0.064215         0 -0.034353 
RightFoot 0 0 0  0.153824         0 -0.069373 -0.043519         0 -0.084978  0.121861  0.037819 -0.085131  0.121861  -0.03992 -0.085131  0.143922         0 -0.085131         0         0 -0.086371  0.108204  0.010505 -0.022099 
RightToe 0 0 0 0.067658        0 -0.01614 -0.03396 0.038737 -0.01614  -0.03396 -0.040889  -0.01614 
LeftUpperLeg 0 0 0   2.2e-05         0 -0.463628  0.001648  0.077849 -0.033531 -0.007783  0.044485 -0.463402 -0.007783 -0.038925 -0.463402  0.038872         0 -0.461158 
LeftLowerLeg 0 0 0  0.000137         0 -0.453193 -0.007715  0.044513 -0.001136 -0.007715 -0.038949 -0.001136   4.9e-05  0.033385 -0.452692   4.9e-05 -0.033385 -0.452692  0.064215         0 -0.034353 
LeftFoot 0 0 0  0.153824         0 -0.069373 -0.043519         0 -0.084978  0.121861 -0.037819 -0.085131  0.121861   0.03992 -0.085131  0.143922         0 -0.085131         0         0 -0.086371  0.108204 -0.010505 -0.022099 
LeftToe 0 0 0 0.067658        0 -0.01614  -0.03396 -0.038737  -0.01614 -0.03396 0.040889 -0.01614 
