Pelvis -0.0592309 -0.00044746 0.0938056 0.0321204 0.605837 -0.0238551 -0.794582
L5 0 0 0 1 0 0 0
L3 0 0 0 1 0 0 0
T12 0 0 0 1 0 0 0
T8 0.147421 0.00475222 0.0868353 0.101965 -0.537972 -0.0686712 -0.833951
Neck 0 0 0 1 0 0 0
Head -0.0657317 0.00190678 0.0838652 0.91281 0.131374 0.355935 0.151088
RightShoulder -0.0148483 -0.0521273 -0.0610119 0.826023 0.274929 0.0732939 -0.486545
RightUpperArm -0.0353808 -2.77556e-17 0.0200897 0.746704 -0.00458402 0.0262775 -0.664621
RightForeArm 0.0910852 -2.77556e-17 0.116985 0.233395 -0.732055 0.606888 -0.203247
RightHand -0.00342476 -2.77556e-17 0.0279686 0.760773 -0.188153 0.15995 -0.600201
LeftShoulder -0.02072 0.0601183 -0.0626295 0.723205 -0.368324 -0.0697308 0.580043
LeftUpperArm -0.0250608 2.77556e-17 0.00843311 0.668254 -0.308762 -0.324908 0.593748
LeftForeArm -0.0122556 2.77556e-17 -0.0607406 0.462078 0.579814 0.465988 0.482862
LeftHand -0.0265952 2.77556e-17 0.0188975 0.765912 0.195824 0.18073 0.585122
RightUpperLeg 0.0138351 -0.0340942 -0.278615 -0.505818 -0.491822 -0.559938 0.434429
RightLowerLeg 0.0343902 0.00923797 -0.146856 0.58009 -0.356066 0.695607 0.229875
RightFoot 0.0894306 -0.00712503 0.000433509 0.930914 0.258405 0.245255 0.0804765
RightToe 0 0 0 1 0 0 0
LeftUpperLeg 0.0129699 0.0410258 -0.276901 0.461156 -0.51535 0.549008 0.469403
LeftLowerLeg 0.0378057 -0.00868085 -0.146203 -0.530121 -0.394199 -0.692965 0.288752
LeftFoot 0.0964669 -0.0101082 -0.0167058 -0.211204 0.22581 0.164677 0.936634
LeftToe 0 0 0 1 0 0 0
Pelvis 0 0 0 -3.1e-05        0  0.10558   1.6e-05 -0.085993  0.000154  1.6e-05 0.085993 0.000154 -0.021278 -0.053745   0.10914 -0.021278  0.053745   0.10914  0.072782 -0.128989  0.077932 0.072782 0.128989 0.077932  0.037646 -0.107491  0.157151 0.037646 0.107491 0.157151 -0.059033 -0.053745 -0.049081 -0.059033  0.053745 -0.049081 -0.072782         0  0.027956 -0.059033         0 -0.049081 
L5 0 0 0  5.7e-05        0 0.116208 -0.032147         0 -0.003287 
L3 0 0 0     0     0 0.105 -0.032332         0 -0.000309 
T12 0 0 0     0     0 0.105 -0.032332         0 -0.000309 
T8 0 0 0        0        0 0.147636         0 -0.032295  0.082412        0 0.032295 0.082412 -0.032229         0  0.147945  0.128917         0 -0.003532 0.123545        0 0.125385 -0.032229         0   0.09423 -0.032229         0 -0.000309 
Neck 0 0 0 0.000136        0 0.097755 -0.031493         0 -0.007394 -0.019672         0 -0.059995 
Head 0 0 0 7.1e-05       0 0.18664 -0.006682 -0.075053  0.075213 -0.006682  0.075053  0.075213 -0.064085         0  0.061706 
RightShoulder 0 0 0         0 -0.151955         0 0.124756 0.032479 0.043393         0 -0.173694  0.054242 
RightUpperArm 0 0 0            0 -5.55112e-17    -0.324068         0 -0.032404 -0.324056         0  0.037805 -0.324056 
RightForeArm 0 0 0       -1e-06 -5.55112e-17    -0.265075    -0.027002 -5.55112e-17    -0.263961     0.027001 -5.55112e-17    -0.266166  -0.027002 2.1684e-19    0.00109 
RightHand 0 0 0            0 -5.55112e-17    -0.198312    -0.043342 -2.77556e-17    -0.113784 -0.021671  0.010835 -0.037936 
LeftShoulder 0 0 0        0 0.151955        0  0.124756 -0.032479  0.043393        0 0.173694 0.054242 
LeftUpperArm 0 0 0           0 5.55112e-17   -0.324068         0  0.032404 -0.324056         0 -0.037805 -0.324056 
LeftForeArm 0 0 0      -1e-06 5.55112e-17   -0.265075   -0.027002 5.55112e-17   -0.263961    0.027001 5.55112e-17   -0.266166   -0.027002 -2.1684e-19     0.00109 
LeftHand 0 0 0           0 5.55112e-17   -0.198312   -0.043342 2.77556e-17   -0.113784 -0.021671 -0.010835 -0.037936 
RightUpperLeg 0 0 0   1.9e-05         0 -0.462187  0.001643 -0.077616 -0.033474  -0.00776 -0.044352  -0.46201 -0.00776 0.038808 -0.46201  0.038756         0 -0.459773 
RightLowerLeg 0 0 0  0.000133         0 -0.454656 -0.007743 -0.044648 -0.001183 -0.007743  0.039067 -0.001183   4.5e-05 -0.033486 -0.454109   4.5e-05  0.033486 -0.454109  0.064406         0 -0.034501 
RightFoot 0 0 0  0.153826         0 -0.069379 -0.043518         0 -0.084982  0.121864   0.03782 -0.085137  0.121864 -0.039921 -0.085137  0.143926         0 -0.085137         0         0 -0.086384  0.108207  0.010506 -0.022104 
RightToe 0 0 0  0.067658         0 -0.016141 -0.033964  0.038739 -0.016141 -0.033964 -0.040891 -0.016141 
LeftUpperLeg 0 0 0   1.9e-05         0 -0.462187  0.001643  0.077616 -0.033474 -0.00776 0.044352 -0.46201  -0.00776 -0.038808  -0.46201  0.038756         0 -0.459773 
LeftLowerLeg 0 0 0  0.000133         0 -0.454656 -0.007743  0.044648 -0.001183 -0.007743 -0.039067 -0.001183   4.5e-05  0.033486 -0.454109   4.5e-05 -0.033486 -0.454109  0.064406         0 -0.034501 
LeftFoot 0 0 0  0.153826         0 -0.069379 -0.043518         0 -0.084982  0.121864  -0.03782 -0.085137  0.121864  0.039921 -0.085137  0.143926         0 -0.085137         0         0 -0.086384  0.108207 -0.010506 -0.022104 
LeftToe 0 0 0  0.067658         0 -0.016141 -0.033964 -0.038739 -0.016141 -0.033964  0.040891 -0.016141 
