Pelvis -0.0641242 0.00190873 0.0987716 0.831383 -0.0116535 -0.555321 0.0169198
L5 0 0 0 1 0 0 0
L3 0 0 0 1 0 0 0
T12 0 0 0 1 0 0 0
T8 0.151639 0.00064131 0.0802882 0.850871 0.0425166 0.521738 -0.0447148
Neck 0 0 0 1 0 0 0
Head -0.0739998 0.000226271 0.0826706 0.622278 0.651261 -0.199166 0.385957
RightShoulder -0.0217096 -0.0533118 -0.0643673 0.461733 0.261026 -0.211137 -0.82103
RightUpperArm -0.00980568 -2.77556e-17 0.016479 0.748603 -0.0428064 -0.0556858 -0.659288
RightForeArm -0.0532019 -2.77556e-17 0.0660928 0.74713 -0.169973 0.151077 -0.624565
RightHand -0.00920113 -1.38778e-17 0.039594 0.749125 -0.174432 0.177507 -0.613902
LeftShoulder -0.0208463 0.0523637 -0.0634397 0.523788 0.0712137 -0.215945 -0.82094
LeftUpperArm -0.0262179 2.77556e-17 0.0228556 0.698545 0.0708315 0.0145368 0.711903
LeftForeArm -0.0288159 2.77556e-17 0.00694803 0.726861 0.151615 0.0553527 0.66755
LeftHand -0.0151079 1.38778e-17 0.0268843 0.74489 0.123046 0.0463306 0.654105
RightUpperLeg 0.0135248 -0.0521406 -0.279794 0.551902 0.462939 0.651457 -0.238107
RightLowerLeg 0.0332769 0.00708282 -0.147145 -0.640766 0.316736 -0.64442 -0.271696
RightFoot 0.0894063 -0.00161212 -0.0116692 0.928993 0.259592 0.257132 0.0588763
RightToe 0 0 0 1 0 0 0
LeftUpperLeg 0.0123888 0.0499658 -0.264616 -0.523223 0.513851 -0.524612 -0.432409
LeftLowerLeg 0.0351567 -0.00691341 -0.148044 0.60659 0.371286 0.620926 -0.329615
LeftFoot 0.0817938 -0.0244027 -0.0119535 0.125459 -0.238344 -0.151396 -0.951068
LeftToe 0 0 0 1 0 0 0
Pelvis 0 0 0 -3.1e-05        0 0.105586   1.5e-05 -0.085994  0.000152  1.5e-05 0.085994 0.000152 -0.021278 -0.053746  0.109141 -0.021278  0.053746  0.109141  0.072783 -0.128991  0.077933 0.072783 0.128991 0.077933  0.037646 -0.107492  0.157154 0.037646 0.107492 0.157154 -0.059034 -0.053746 -0.049082 -0.059034  0.053746 -0.049082 -0.072783         0  0.027956 -0.059034         0 -0.049082 
L5 0 0 0 5.6e-05       0 0.11622 -0.032148         0 -0.003283 
L3 0 0 0        0        0 0.105011 -0.032333         0 -0.000305 
T12 0 0 0        0        0 0.105011 -0.032333         0 -0.000305 
T8 0 0 0        0        0 0.147579         0 -0.032235   0.08238        0 0.032235  0.08238 -0.032215         0  0.147884   0.12886         0 -0.003526  0.12349        0 0.125334 -0.032215         0  0.094192 -0.032215         0 -0.000305 
Neck 0 0 0 0.000134        0 0.097765 -0.031494         0  -0.00739 -0.019674         0 -0.059991 
Head 0 0 0    7e-05        0 0.186664 -0.006684 -0.075059  0.075224 -0.006684  0.075059  0.075224 -0.064092         0  0.061716 
RightShoulder 0 0 0         0 -0.151703         0 0.124579 0.032478 0.043332         0 -0.173348  0.054165 
RightUpperArm 0 0 0            0 -5.55112e-17     -0.32421         0 -0.032417  -0.32419        0  0.03782 -0.32419 
RightForeArm 0 0 0       -2e-06 -5.55112e-17    -0.265174     -0.02701 -5.55112e-17    -0.264051     0.027009 -5.55112e-17    -0.266256   -0.02701 2.1684e-19   0.001082 
RightHand 0 0 0            0 -2.77556e-17    -0.198373    -0.043351 -2.77556e-17    -0.113817 -0.021676  0.010838 -0.037953 
LeftShoulder 0 0 0        0 0.151703        0  0.124579 -0.032478  0.043332        0 0.173348 0.054165 
LeftUpperArm 0 0 0           0 5.55112e-17    -0.32421        0 0.032417 -0.32419        0 -0.03782 -0.32419 
LeftForeArm 0 0 0      -2e-06 5.55112e-17   -0.265174    -0.02701 5.55112e-17   -0.264051    0.027009 5.55112e-17   -0.266256    -0.02701 -2.1684e-19    0.001082 
LeftHand 0 0 0           0 2.77556e-17   -0.198373   -0.043351 2.77556e-17   -0.113817 -0.021676 -0.010838 -0.037953 
RightUpperLeg 0 0 0   2.2e-05         0 -0.463628  0.001648 -0.077849 -0.033531 -0.007783 -0.044485 -0.463402 -0.007783  0.038925 -0.463402  0.038872         0 -0.461158 
RightLowerLeg 0 0 0  0.000137         0 -0.453193 -0.007715 -0.044513 -0.001136 -0.007715  0.038949 -0.001136   4.9e-05 -0.033385 -0.452692   4.9e-05  0.033385 -0.452692  0.064215         0 -0.034353 
RightFoot 0 0 0  0.153824         0 -0.069373 -0.043519         0 -0.084978  0.121861  0.037819 -0.085131  0.121861  -0.03992 -0.085131  0.143922         0 -0.085131         0         0 -0.086371  0.108204  0.010505 -0.022099 
RightToe 0 0 0 0.067658        0 -0.01614 -0.03396 0.038737 -0.01614  -0.03396 -0.040889  -0.01614 
LeftUpperLeg 0 0 0   2.2e-05         0 -0.463628  0.001648  0.077849 -0.033531 -0.007783  0.044485 -0.463402 -0.007783 -0.038925 -0.463402  0.038872         0 -0.461158 
LeftLowerLeg 0 0 0  0.000137         0 -0.453193 -0.007715  0.044513 -0.001136 -0.007715 -0.038949 -0.001136   4.9e-05  0.033385 -0.452692   4.9e-05 -0.033385 -0.452692  0.064215         0 -0.034353 
LeftFoot 0 0 0  0.153824         0 -0.069373 -0.043519         0 -0.084978  0.121861 -0.037819 -0.085131  0.121861   0.03992 -0.085131  0.143922         0 -0.085131         0         0 -0.086371  0.108204 -0.010505 -0.022099 
LeftToe 0 0 0 0.067658        0 -0.01614  -0.03396 -0.038737  -0.01614 -0.03396 0.040889 -0.01614 
