Pelvis -0.0618956 0.0004728 0.0983561 0.0279339 0.60382 -0.0242011 -0.796263
L5 0 0 0 1 0 0 0
L3 0 0 0 1 0 0 0
T12 0 0 0 1 0 0 0
T8 0.151895 -0.00452307 0.0801201 0.101938 -0.537956 -0.0686295 -0.833969
Neck 0 0 0 1 0 0 0
Head -0.0787931 7.58453e-05 0.078404 0.912863 0.131482 0.3558 0.150999
RightShoulder -0.0226716 -0.0530521 -0.0620113 0.826 0.274948 0.0732793 -0.486576
RightUpperArm -0.0701247 -2.77556e-17 0.0215518 0.746707 -0.00455671 0.026275 -0.664618
RightForeArm -0.0180786 -2.77556e-17 0.0508226 0.233431 -0.732042 0.606883 -0.203267
RightHand -0.0131985 -2.77556e-17 0.0500322 0.760775 -0.188151 0.159939 -0.600201
LeftShoulder -0.0224046 0.053612 -0.0620238 0.723232 -0.368338 -0.0697223 0.580001
LeftUpperArm -0.0260066 2.77556e-17 0.0143733 0.668267 -0.308725 -0.324891 0.593763
LeftForeArm -0.0478814 2.77556e-17 -0.00929042 0.462083 0.579823 0.465988 0.482844
LeftHand -0.0138696 2.77556e-17 0.0261015 0.76592 0.195811 0.180757 0.585107
RightUpperLeg 0.014122 -0.040279 -0.277878 0.505106 0.491753 0.560154 -0.435057
RightLowerLeg 0.0345447 0.00753772 -0.147037 -0.57987 0.355167 -0.695684 -0.231582
RightFoot 0.0894028 0.0038232 -0.0077731 -0.928732 -0.260367 -0.248319 -0.0894663
RightToe 0 0 0 1 0 0 0
LeftUpperLeg 0.0124114 0.0389961 -0.275419 -0.464628 0.511806 -0.553734 -0.464278
LeftLowerLeg 0.0361344 -0.00693969 -0.14293 0.532739 0.389872 0.693448 -0.288651
LeftFoot 0.0921463 -0.00287433 -0.000124832 0.200336 -0.229017 -0.165276 -0.938136
LeftToe 0 0 0 1 0 0 0
Pelvis 0 0 0 -3.1e-05        0  0.10558   1.6e-05 -0.085993  0.000154  1.6e-05 0.085993 0.000154 -0.021278 -0.053745   0.10914 -0.021278  0.053745   0.10914  0.072782 -0.128989  0.077932 0.072782 0.128989 0.077932  0.037646 -0.107491  0.157151 0.037646 0.107491 0.157151 -0.059033 -0.053745 -0.049081 -0.059033  0.053745 -0.049081 -0.072782         0  0.027956 -0.059033         0 -0.049081 
L5 0 0 0  5.7e-05        0 0.116208 -0.032147         0 -0.003287 
L3 0 0 0     0     0 0.105 -0.032332         0 -0.000309 
T12 0 0 0     0     0 0.105 -0.032332         0 -0.000309 
T8 0 0 0        0        0 0.147636         0 -0.032295  0.082412        0 0.032295 0.082412 -0.032229         0  0.147945  0.128917         0 -0.003532 0.123545        0 0.125385 -0.032229         0   0.09423 -0.032229         0 -0.000309 
Neck 0 0 0 0.000136        0 0.097755 -0.031493         0 -0.007394 -0.019672         0 -0.059995 
Head 0 0 0 7.1e-05       0 0.18664 -0.006682 -0.075053  0.075213 -0.006682  0.075053  0.075213 -0.064085         0  0.061706 
RightShoulder 0 0 0         0 -0.151955         0 0.124756 0.032479 0.043393         0 -0.173694  0.054242 
RightUpperArm 0 0 0            0 -5.55112e-17    -0.324068         0 -0.032404 -0.324056         0  0.037805 -0.324056 
RightForeArm 0 0 0       -1e-06 -5.55112e-17    -0.265075    -0.027002 -5.55112e-17    -0.263961     0.027001 -5.55112e-17    -0.266166  -0.027002 2.1684e-19    0.00109 
RightHand 0 0 0            0 -5.55112e-17    -0.198312    -0.043342 -2.77556e-17    -0.113784 -0.021671  0.010835 -0.037936 
LeftShoulder 0 0 0        0 0.151955        0  0.124756 -0.032479  0.043393        0 0.173694 0.054242 
LeftUpperArm 0 0 0           0 5.55112e-17   -0.324068         0  0.032404 -0.324056         0 -0.037805 -0.324056 
LeftForeArm 0 0 0      -1e-06 5.55112e-17   -0.265075   -0.027002 5.55112e-17   -0.263961    0.027001 5.55112e-17   -0.266166   -0.027002 -2.1684e-19     0.00109 
LeftHand 0 0 0           0 5.55112e-17   -0.198312   -0.043342 2.77556e-17   -0.113784 -0.021671 -0.010835 -0.037936 
RightUpperLeg 0 0 0   1.9e-05         0 -0.462187  0.001643 -0.077616 -0.033474  -0.00776 -0.044352  -0.46201 -0.00776 0.038808 -0.46201  0.038756         0 -0.459773 
RightLowerLeg 0 0 0  0.000133         0 -0.454656 -0.007743 -0.044648 -0.001183 -0.007743  0.039067 -0.001183   4.5e-05 -0.033486 -0.454109   4.5e-05  0.033486 -0.454109  0.064406         0 -0.034501 
RightFoot 0 0 0  0.153826         0 -0.069379 -0.043518         0 -0.084982  0.121864   0.03782 -0.085137  0.121864 -0.039921 -0.085137  0.143926         0 -0.085137         0         0 -0.086384  0.108207  0.010506 -0.022104 
RightToe 0 0 0  0.067658         0 -0.016141 -0.033964  0.038739 -0.016141 -0.033964 -0.040891 -0.016141 
LeftUpperLeg 0 0 0   1.9e-05         0 -0.462187  0.001643  0.077616 -0.033474 -0.00776 0.044352 -0.46201  -0.00776 -0.038808  -0.46201  0.038756         0 -0.459773 
LeftLowerLeg 0 0 0  0.000133         0 -0.454656 -0.007743  0.044648 -0.001183 -0.007743 -0.039067 -0.001183   4.5e-05  0.033486 -0.454109   4.5e-05 -0.033486 -0.454109  0.064406         0 -0.034501 
LeftFoot 0 0 0  0.153826         0 -0.069379 -0.043518         0 -0.084982  0.121864  -0.03782 -0.085137  0.121864  0.039921 -0.085137  0.143926         0 -0.085137         0         0 -0.086384  0.108207 -0.010506 -0.022104 
LeftToe 0 0 0  0.067658         0 -0.016141 -0.033964 -0.038739 -0.016141 -0.033964  0.040891 -0.016141 
