Pelvis -0.059752 -0.000271512 0.102803 0.831455 -0.0117518 -0.555221 0.0166052
L5 0 0 0 1 0 0 0
L3 0 0 0 1 0 0 0
T12 0 0 0 1 0 0 0
T8 0.150428 -2.11932e-05 0.0832699 0.850857 0.042474 0.521769 -0.0446858
Neck 0 0 0 1 0 0 0
Head -0.0737895 0.000294439 0.0819887 0.622293 0.651287 -0.198962 0.385994
RightShoulder -0.0222215 -0.0543872 -0.0643593 0.461775 0.261003 -0.211116 -0.821018
RightUpperArm -0.0223735 -2.77556e-17 0.0222158 0.748591 -0.0428344 -0.0556687 -0.659299
RightForeArm -0.0594681 -2.77556e-17 -0.00136758 0.747112 -0.169989 0.151093 -0.624579
RightHand -0.00872778 -1.38778e-17 0.0626834 0.749123 -0.174431 0.177521 -0.613902
LeftShoulder -0.0220105 0.0541968 -0.064252 0.523838 0.0711961 -0.215965 -0.820904
LeftUpperArm -0.0123278 2.77556e-17 0.012911 0.698541 0.0708109 0.0145261 0.71191
LeftForeArm -0.0169732 2.77556e-17 0.0168663 0.726848 0.151536 0.0552867 0.667588
LeftHand -0.00507481 1.38778e-17 0.0253265 0.744872 0.123056 0.0463035 0.654124
RightUpperLeg 0.0144487 -0.0461738 -0.2781 -0.556439 -0.450096 -0.659181 0.230805
RightLowerLeg 0.034279 0.00756857 -0.147241 0.641897 -0.312399 0.648129 0.265147
RightFoot 0.0893221 0.00155493 -0.0117058 -0.928913 -0.258804 -0.257829 -0.0605347
RightToe 0 0 0 1 0 0 0
LeftUpperLeg 0.0142909 0.0477452 -0.278203 0.524972 -0.513271 0.524056 0.431651
LeftLowerLeg 0.0341856 -0.0075668 -0.147318 -0.607223 -0.372177 -0.620684 0.3279
LeftFoot 0.0751902 -0.0260618 -0.00275455 0.0715638 0.257604 0.105321 0.957824
LeftToe 0 0 0 1 0 0 0
Pelvis 0 0 0 -3.1e-05        0 0.105586   1.5e-05 -0.085994  0.000152  1.5e-05 0.085994 0.000152 -0.021278 -0.053746  0.109141 -0.021278  0.053746  0.109141  0.072783 -0.128991  0.077933 0.072783 0.128991 0.077933  0.037646 -0.107492  0.157154 0.037646 0.107492 0.157154 -0.059034 -0.053746 -0.049082 -0.059034  0.053746 -0.049082 -0.072783         0  0.027956 -0.059034         0 -0.049082 
L5 0 0 0 5.6e-05       0 0.11622 -0.032148         0 -0.003283 
L3 0 0 0        0        0 0.105011 -0.032333         0 -0.000305 
T12 0 0 0        0        0 0.105011 -0.032333         0 -0.000305 
T8 0 0 0        0        0 0.147579         0 -0.032235   0.08238        0 0.032235  0.08238 -0.032215         0  0.147884   0.12886         0 -0.003526  0.12349        0 0.125334 -0.032215         0  0.094192 -0.032215         0 -0.000305 
Neck 0 0 0 0.000134        0 0.097765 -0.031494         0  -0.00739 -0.019674         0 -0.059991 
Head 0 0 0    7e-05        0 0.186664 -0.006684 -0.075059  0.075224 -0.006684  0.075059  0.075224 -0.064092         0  0.061716 
RightShoulder 0 0 0         0 -0.151703         0 0.124579 0.032478 0.043332         0 -0.173348  0.054165 
RightUpperArm 0 0 0            0 -5.55112e-17     -0.32421         0 -0.032417  -0.32419        0  0.03782 -0.32419 
RightForeArm 0 0 0       -2e-06 -5.55112e-17    -0.265174     -0.02701 -5.55112e-17    -0.264051     0.027009 -5.55112e-17    -0.266256   -0.02701 2.1684e-19   0.001082 
RightHand 0 0 0            0 -2.77556e-17    -0.198373    -0.043351 -2.77556e-17    -0.113817 -0.021676  0.010838 -0.037953 
LeftShoulder 0 0 0        0 0.151703        0  0.124579 -0.032478  0.043332        0 0.173348 0.054165 
LeftUpperArm 0 0 0           0 5.55112e-17    -0.32421        0 0.032417 -0.32419        0 -0.03782 -0.32419 
LeftForeArm 0 0 0      -2e-06 5.55112e-17   -0.265174    -0.02701 5.55112e-17   -0.264051    0.027009 5.55112e-17   -0.266256    -0.02701 -2.1684e-19    0.001082 
LeftHand 0 0 0           0 2.77556e-17   -0.198373   -0.043351 2.77556e-17   -0.113817 -0.021676 -0.010838 -0.037953 
RightUpperLeg 0 0 0   2.2e-05         0 -0.463628  0.001648 -0.077849 -0.033531 -0.007783 -0.044485 -0.463402 -0.007783  0.038925 -0.463402  0.038872         0 -0.461158 
RightLowerLeg 0 0 0  0.000137         0 -0.453193 -0.007715 -0.044513 -0.001136 -0.007715  0.038949 -0.001136   4.9e-05 -0.033385 -0.452692   4.9e-05  0.033385 -0.452692  0.064215         0 -0.034353 
RightFoot 0 0 0  0.153824         0 -0.069373 -0.043519         0 -0.084978  0.121861  0.037819 -0.085131  0.121861  -0.03992 -0.085131  0.143922         0 -0.085131         0         0 -0.086371  0.108204  0.010505 -0.022099 
RightToe 0 0 0 0.067658        0 -0.01614 -0.03396 0.038737 -0.01614  -0.03396 -0.040889  -0.01614 
LeftUpperLeg 0 0 0   2.2e-05         0 -0.463628  0.001648  0.077849 -0.033531 -0.007783  0.044485 -0.463402 -0.007783 -0.038925 -0.463402  0.038872         0 -0.461158 
LeftLowerLeg 0 0 0  0.000137         0 -0.453193 -0.007715  0.044513 -0.001136 -0.007715 -0.038949 -0.001136   4.9e-05  0.033385 -0.452692   4.9e-05 -0.033385 -0.452692  0.064215         0 -0.034353 
LeftFoot 0 0 0  0.153824         0 -0.069373 -0.043519         0 -0.084978  0.121861 -0.037819 -0.085131  0.121861   0.03992 -0.085131  0.143922         0 -0.085131         0         0 -0.086371  0.108204 -0.010505 -0.022099 
LeftToe 0 0 0 0.067658        0 -0.01614  -0.03396 -0.038737  -0.01614 -0.03396 0.040889 -0.01614 
