Pelvis -0.0625336 0.0134232 0.10434 0.0197374 0.604892 -0.0356682 -0.795264
L5 0 0 0 1 0 0 0
L3 0 0 0 1 0 0 0
T12 0 0 0 1 0 0 0
T8 0.152082 -0.00233644 0.084145 0.101961 -0.537988 -0.0686763 -0.83394
Neck 0 0 0 1 0 0 0
Head -0.0743721 0.00433288 0.0845917 0.912819 0.131385 0.355912 0.151084
RightShoulder -0.0247412 -0.0500561 -0.0632342 0.826026 0.274916 0.0733105 -0.486547
RightUpperArm -0.0415314 -2.77556e-17 0.0216779 0.746696 -0.00459028 0.0262843 -0.664629
RightForeArm -0.0614242 -2.77556e-17 -0.00223297 0.233393 -0.732047 0.60689 -0.203268
RightHand -0.0100808 -2.77556e-17 0.0560802 0.760772 -0.188155 0.159948 -0.600201
LeftShoulder -0.024195 0.061318 -0.0616877 0.723196 -0.36833 -0.0697236 0.58005
LeftUpperArm -0.0547079 2.77556e-17 -0.00218615 0.668251 -0.308753 -0.324913 0.593754
LeftForeArm -0.00207786 2.77556e-17 0.098968 0.46207 0.579808 0.465993 0.482871
LeftHand -0.00492971 2.77556e-17 0.0267142 0.76591 0.195829 0.180733 0.585122
RightUpperLeg 0.0138996 -0.0427614 -0.277741 -0.499629 -0.497073 -0.557485 0.438748
RightLowerLeg 0.0350407 0.00820167 -0.145865 0.579386 -0.356218 0.693904 0.236471
RightFoot 0.090543 0.000242438 -0.0107263 0.924427 0.263787 0.255828 0.101995
RightToe 0 0 0 1 0 0 0
LeftUpperLeg 0.010389 0.0408557 -0.282018 0.450795 -0.527167 0.545991 0.469865
LeftLowerLeg 0.0351996 -0.0071312 -0.149469 -0.53097 -0.397007 -0.688627 0.293683
LeftFoot 0.0921584 -0.00324892 -0.00675746 -0.176224 0.229359 0.170518 0.941947
LeftToe 0 0 0 1 0 0 0
Pelvis 0 0 0 -3.1e-05        0  0.10558   1.6e-05 -0.085993  0.000154  1.6e-05 0.085993 0.000154 -0.021278 -0.053745   0.10914 -0.021278  0.053745   0.10914  0.072782 -0.128989  0.077932 0.072782 0.128989 0.077932  0.037646 -0.107491  0.157151 0.037646 0.107491 0.157151 -0.059033 -0.053745 -0.049081 -0.059033  0.053745 -0.049081 -0.072782         0  0.027956 -0.059033         0 -0.049081 
L5 0 0 0  5.7e-05        0 0.116208 -0.032147         0 -0.003287 
L3 0 0 0     0     0 0.105 -0.032332         0 -0.000309 
T12 0 0 0     0     0 0.105 -0.032332         0 -0.000309 
T8 0 0 0        0        0 0.147636         0 -0.032295  0.082412        0 0.032295 0.082412 -0.032229         0  0.147945  0.128917         0 -0.003532 0.123545        0 0.125385 -0.032229         0   0.09423 -0.032229         0 -0.000309 
Neck 0 0 0 0.000136        0 0.097755 -0.031493         0 -0.007394 -0.019672         0 -0.059995 
Head 0 0 0 7.1e-05       0 0.18664 -0.006682 -0.075053  0.075213 -0.006682  0.075053  0.075213 -0.064085         0  0.061706 
RightShoulder 0 0 0         0 -0.151955         0 0.124756 0.032479 0.043393         0 -0.173694  0.054242 
RightUpperArm 0 0 0            0 -5.55112e-17    -0.324068         0 -0.032404 -0.324056         0  0.037805 -0.324056 
RightForeArm 0 0 0       -1e-06 -5.55112e-17    -0.265075    -0.027002 -5.55112e-17    -0.263961     0.027001 -5.55112e-17    -0.266166  -0.027002 2.1684e-19    0.00109 
RightHand 0 0 0            0 -5.55112e-17    -0.198312    -0.043342 -2.77556e-17    -0.113784 -0.021671  0.010835 -0.037936 
LeftShoulder 0 0 0        0 0.151955        0  0.124756 -0.032479  0.043393        0 0.173694 0.054242 
LeftUpperArm 0 0 0           0 5.55112e-17   -0.324068         0  0.032404 -0.324056         0 -0.037805 -0.324056 
LeftForeArm 0 0 0      -1e-06 5.55112e-17   -0.265075   -0.027002 5.55112e-17   -0.263961    0.027001 5.55112e-17   -0.266166   -0.027002 -2.1684e-19     0.00109 
LeftHand 0 0 0           0 5.55112e-17   -0.198312   -0.043342 2.77556e-17   -0.113784 -0.021671 -0.010835 -0.037936 
RightUpperLeg 0 0 0   1.9e-05         0 -0.462187  0.001643 -0.077616 -0.033474  -0.00776 -0.044352  -0.46201 -0.00776 0.038808 -0.46201  0.038756         0 -0.459773 
RightLowerLeg 0 0 0  0.000133         0 -0.454656 -0.007743 -0.044648 -0.001183 -0.007743  0.039067 -0.001183   4.5e-05 -0.033486 -0.454109   4.5e-05  0.033486 -0.454109  0.064406         0 -0.034501 
RightFoot 0 0 0  0.153826         0 -0.069379 -0.043518         0 -0.084982  0.121864   0.03782 -0.085137  0.121864 -0.039921 -0.085137  0.143926         0 -0.085137         0         0 -0.086384  0.108207  0.010506 -0.022104 
RightToe 0 0 0  0.067658         0 -0.016141 -0.033964  0.038739 -0.016141 -0.033964 -0.040891 -0.016141 
LeftUpperLeg 0 0 0   1.9e-05         0 -0.462187  0.001643  0.077616 -0.033474 -0.00776 0.044352 -0.46201  -0.00776 -0.038808  -0.46201  0.038756         0 -0.459773 
LeftLowerLeg 0 0 0  0.000133         0 -0.454656 -0.007743  0.044648 -0.001183 -0.007743 -0.039067 -0.001183   4.5e-05  0.033486 -0.454109   4.5e-05 -0.033486 -0.454109  0.064406         0 -0.034501 
LeftFoot 0 0 0  0.153826         0 -0.069379 -0.043518         0 -0.084982  0.121864  -0.03782 -0.085137  0.121864  0.039921 -0.085137  0.143926         0 -0.085137         0         0 -0.086384  0.108207 -0.010506 -0.022104 
LeftToe 0 0 0  0.067658         0 -0.016141 -0.033964 -0.038739 -0.016141 -0.033964  0.040891 -0.016141 
