Pelvis -0.0621883 -0.00410041 0.0967356 0.0328914 0.604838 -0.0222334 -0.795358
L5 0 0 0 1 0 0 0
L3 0 0 0 1 0 0 0
T12 0 0 0 1 0 0 0
T8 0.153089 -0.00148214 0.0859278 0.101955 -0.537963 -0.0686767 -0.833957
Neck 0 0 0 1 0 0 0
Head -0.0685392 -0.00349332 0.0838364 0.912797 0.131405 0.355966 0.151066
RightShoulder -0.0186572 -0.0638174 -0.0664607 0.826024 0.274923 0.0732891 -0.486551
RightUpperArm -0.0212004 -2.77556e-17 0.0195545 0.746704 -0.00457892 0.0262743 -0.664621
RightForeArm -0.0359754 -2.77556e-17 0.00581029 0.233396 -0.73205 0.60689 -0.203255
RightHand 0.0130033 -2.77556e-17 0.0174898 0.760773 -0.188152 0.15995 -0.6002
LeftShoulder -0.0188358 0.0609502 -0.0706547 0.723195 -0.368347 -0.0697239 0.580041
LeftUpperArm -0.0174411 2.77556e-17 0.0260102 0.668257 -0.308757 -0.324896 0.593754
LeftForeArm -0.00697463 2.77556e-17 -0.0252231 0.462077 0.579812 0.465995 0.482857
LeftHand 0.0190806 2.77556e-17 0.0115419 0.765912 0.195825 0.180733 0.585121
RightUpperLeg 0.0164709 -0.0399004 -0.278213 -0.516112 -0.478195 -0.574548 0.418154
RightLowerLeg 0.0338834 0.0058179 -0.152503 0.583215 -0.34591 0.700381 0.222874
RightFoot 0.0860778 -0.00590586 -0.00831993 0.928698 0.258584 0.248597 0.0940923
RightToe 0 0 0 1 0 0 0
LeftUpperLeg 0.0140061 0.0426402 -0.287002 0.456703 -0.519464 0.550602 0.467351
LeftLowerLeg 0.0332429 -0.0082794 -0.141086 -0.530391 -0.393863 -0.692334 0.290225
LeftFoot 0.0894413 -0.00141546 -0.00653154 -0.19932 0.229316 0.164699 0.938382
LeftToe 0 0 0 1 0 0 0
Pelvis 0 0 0 -3.1e-05        0  0.10558   1.6e-05 -0.085993  0.000154  1.6e-05 0.085993 0.000154 -0.021278 -0.053745   0.10914 -0.021278  0.053745   0.10914  0.072782 -0.128989  0.077932 0.072782 0.128989 0.077932  0.037646 -0.107491  0.157151 0.037646 0.107491 0.157151 -0.059033 -0.053745 -0.049081 -0.059033  0.053745 -0.049081 -0.072782         0  0.027956 -0.059033         0 -0.049081 
L5 0 0 0  5.7e-05        0 0.116208 -0.032147         0 -0.003287 
L3 0 0 0     0     0 0.105 -0.032332         0 -0.000309 
T12 0 0 0     0     0 0.105 -0.032332         0 -0.000309 
T8 0 0 0        0        0 0.147636         0 -0.032295  0.082412        0 0.032295 0.082412 -0.032229         0  0.147945  0.128917         0 -0.003532 0.123545        0 0.125385 -0.032229         0   0.09423 -0.032229         0 -0.000309 
Neck 0 0 0 0.000136        0 0.097755 -0.031493         0 -0.007394 -0.019672         0 -0.059995 
Head 0 0 0 7.1e-05       0 0.18664 -0.006682 -0.075053  0.075213 -0.006682  0.075053  0.075213 -0.064085         0  0.061706 
RightShoulder 0 0 0         0 -0.151955         0 0.124756 0.032479 0.043393         0 -0.173694  0.054242 
RightUpperArm 0 0 0            0 -5.55112e-17    -0.324068         0 -0.032404 -0.324056         0  0.037805 -0.324056 
RightForeArm 0 0 0       -1e-06 -5.55112e-17    -0.265075    -0.027002 -5.55112e-17    -0.263961     0.027001 -5.55112e-17    -0.266166  -0.027002 2.1684e-19    0.00109 
RightHand 0 0 0            0 -5.55112e-17    -0.198312    -0.043342 -2.77556e-17    -0.113784 -0.021671  0.010835 -0.037936 
LeftShoulder 0 0 0        0 0.151955        0  0.124756 -0.032479  0.043393        0 0.173694 0.054242 
LeftUpperArm 0 0 0           0 5.55112e-17   -0.324068         0  0.032404 -0.324056         0 -0.037805 -0.324056 
LeftForeArm 0 0 0      -1e-06 5.55112e-17   -0.265075   -0.027002 5.55112e-17   -0.263961    0.027001 5.55112e-17   -0.266166   -0.027002 -2.1684e-19     0.00109 
LeftHand 0 0 0           0 5.55112e-17   -0.198312   -0.043342 2.77556e-17   -0.113784 -0.021671 -0.010835 -0.037936 
RightUpperLeg 0 0 0   1.9e-05         0 -0.462187  0.001643 -0.077616 -0.033474  -0.00776 -0.044352  -0.46201 -0.00776 0.038808 -0.46201  0.038756         0 -0.459773 
RightLowerLeg 0 0 0  0.000133         0 -0.454656 -0.007743 -0.044648 -0.001183 -0.007743  0.039067 -0.001183   4.5e-05 -0.033486 -0.454109   4.5e-05  0.033486 -0.454109  0.064406         0 -0.034501 
RightFoot 0 0 0  0.153826         0 -0.069379 -0.043518         0 -0.084982  0.121864   0.03782 -0.085137  0.121864 -0.039921 -0.085137  0.143926         0 -0.085137         0         0 -0.086384  0.108207  0.010506 -0.022104 
RightToe 0 0 0  0.067658         0 -0.016141 -0.033964  0.038739 -0.016141 -0.033964 -0.040891 -0.016141 
LeftUpperLeg 0 0 0   1.9e-05         0 -0.462187  0.001643  0.077616 -0.033474 -0.00776 0.044352 -0.46201  -0.00776 -0.038808  -0.46201  0.038756         0 -0.459773 
LeftLowerLeg 0 0 0  0.000133         0 -0.454656 -0.007743  0.044648 -0.001183 -0.007743 -0.039067 -0.001183   4.5e-05  0.033486 -0.454109   4.5e-05 -0.033486 -0.454109  0.064406         0 -0.034501 
LeftFoot 0 0 0  0.153826         0 -0.069379 -0.043518         0 -0.084982  0.121864  -0.03782 -0.085137  0.121864  0.039921 -0.085137  0.143926         0 -0.085137         0         0 -0.086384  0.108207 -0.010506 -0.022104 
LeftToe 0 0 0  0.067658         0 -0.016141 -0.033964 -0.038739 -0.016141 -0.033964  0.040891 -0.016141 
