Pelvis -0.0572921 -0.00556545 0.0969724 0.829961 -0.0111998 -0.557349 0.0200243
L5 0 0 0 1 0 0 0
L3 0 0 0 1 0 0 0
T12 0 0 0 1 0 0 0
T8 0.149275 0.00287532 0.0850855 0.850865 0.0424679 0.521753 -0.0446944
Neck 0 0 0 1 0 0 0
Head -0.0736566 -0.000245672 0.0824515 0.622307 0.65131 -0.198943 0.385941
RightShoulder -0.0218217 -0.0540715 -0.0643203 0.461764 0.261002 -0.211137 -0.821019
RightUpperArm -0.0267392 -2.77556e-17 0.0210519 0.748599 -0.0428279 -0.0556739 -0.659292
RightForeArm -0.0151973 -2.77556e-17 0.0200943 0.747117 -0.169988 0.151093 -0.624573
RightHand 0.014233 -1.38778e-17 0.0224044 0.749124 -0.17443 0.177522 -0.613901
LeftShoulder -0.0206325 0.0538121 -0.0648909 0.523824 0.0712016 -0.215975 -0.820912
LeftUpperArm -0.023558 2.77556e-17 0.0227442 0.698548 0.0708085 0.0145325 0.711902
LeftForeArm -0.00629367 2.77556e-17 0.00927778 0.726857 0.15152 0.055291 0.66758
LeftHand 0.0253921 1.38778e-17 0.0192418 0.744872 0.123053 0.0463046 0.654124
RightUpperLeg 0.0128145 -0.0466396 -0.278015 -0.557553 -0.458261 -0.648427 0.242226
RightLowerLeg 0.0341525 0.0083688 -0.147337 0.640958 -0.319444 0.644164 0.268668
RightFoot 0.0894093 0.00125416 -0.0114974 -0.930158 -0.258947 -0.255334 -0.0505606
RightToe 0 0 0 1 0 0 0
LeftUpperLeg 0.0153251 0.0464663 -0.27582 0.525871 -0.508386 0.52491 0.435284
LeftLowerLeg 0.0343847 -0.00803651 -0.147174 -0.604166 -0.373048 -0.624024 0.326209
LeftFoot 0.0800217 -0.0167956 -0.0130323 -0.0885843 0.241353 0.138153 0.956459
LeftToe 0 0 0 1 0 0 0
Pelvis 0 0 0 -3.1e-05        0 0.105586   1.5e-05 -0.085994  0.000152  1.5e-05 0.085994 0.000152 -0.021278 -0.053746  0.109141 -0.021278  0.053746  0.109141  0.072783 -0.128991  0.077933 0.072783 0.128991 0.077933  0.037646 -0.107492  0.157154 0.037646 0.107492 0.157154 -0.059034 -0.053746 -0.049082 -0.059034  0.053746 -0.049082 -0.072783         0  0.027956 -0.059034         0 -0.049082 
L5 0 0 0 5.6e-05       0 0.11622 -0.032148         0 -0.003283 
L3 0 0 0        0        0 0.105011 -0.032333         0 -0.000305 
T12 0 0 0        0        0 0.105011 -0.032333         0 -0.000305 
T8 0 0 0        0        0 0.147579         0 -0.032235   0.08238        0 0.032235  0.08238 -0.032215         0  0.147884   0.12886         0 -0.003526  0.12349        0 0.125334 -0.032215         0  0.094192 -0.032215         0 -0.000305 
Neck 0 0 0 0.000134        0 0.097765 -0.031494         0  -0.00739 -0.019674         0 -0.059991 
Head 0 0 0    7e-05        0 0.186664 -0.006684 -0.075059  0.075224 -0.006684  0.075059  0.075224 -0.064092         0  0.061716 
RightShoulder 0 0 0         0 -0.151703         0 0.124579 0.032478 0.043332         0 -0.173348  0.054165 
RightUpperArm 0 0 0            0 -5.55112e-17     -0.32421         0 -0.032417  -0.32419        0  0.03782 -0.32419 
RightForeArm 0 0 0       -2e-06 -5.55112e-17    -0.265174     -0.02701 -5.55112e-17    -0.264051     0.027009 -5.55112e-17    -0.266256   -0.02701 2.1684e-19   0.001082 
RightHand 0 0 0            0 -2.77556e-17    -0.198373    -0.043351 -2.77556e-17    -0.113817 -0.021676  0.010838 -0.037953 
LeftShoulder 0 0 0        0 0.151703        0  0.124579 -0.032478  0.043332        0 0.173348 0.054165 
LeftUpperArm 0 0 0           0 5.55112e-17    -0.32421        0 0.032417 -0.32419        0 -0.03782 -0.32419 
LeftForeArm 0 0 0      -2e-06 5.55112e-17   -0.265174    -0.02701 5.55112e-17   -0.264051    0.027009 5.55112e-17   -0.266256    -0.02701 -2.1684e-19    0.001082 
LeftHand 0 0 0           0 2.77556e-17   -0.198373   -0.043351 2.77556e-17   -0.113817 -0.021676 -0.010838 -0.037953 
RightUpperLeg 0 0 0   2.2e-05         0 -0.463628  0.001648 -0.077849 -0.033531 -0.007783 -0.044485 -0.463402 -0.007783  0.038925 -0.463402  0.038872         0 -0.461158 
RightLowerLeg 0 0 0  0.000137         0 -0.453193 -0.007715 -0.044513 -0.001136 -0.007715  0.038949 -0.001136   4.9e-05 -0.033385 -0.452692   4.9e-05  0.033385 -0.452692  0.064215         0 -0.034353 
RightFoot 0 0 0  0.153824         0 -0.069373 -0.043519         0 -0.084978  0.121861  0.037819 -0.085131  0.121861  -0.03992 -0.085131  0.143922         0 -0.085131         0         0 -0.086371  0.108204  0.010505 -0.022099 
RightToe 0 0 0 0.067658        0 -0.01614 -0.03396 0.038737 -0.01614  -0.03396 -0.040889  -0.01614 
LeftUpperLeg 0 0 0   2.2e-05         0 -0.463628  0.001648  0.077849 -0.033531 -0.007783  0.044485 -0.463402 -0.007783 -0.038925 -0.463402  0.038872         0 -0.461158 
LeftLowerLeg 0 0 0  0.000137         0 -0.453193 -0.007715  0.044513 -0.001136 -0.007715 -0.038949 -0.001136   4.9e-05  0.033385 -0.452692   4.9e-05 -0.033385 -0.452692  0.064215         0 -0.034353 
LeftFoot 0 0 0  0.153824         0 -0.069373 -0.043519         0 -0.084978  0.121861 -0.037819 -0.085131  0.121861   0.03992 -0.085131  0.143922         0 -0.085131         0         0 -0.086371  0.108204 -0.010505 -0.022099 
LeftToe 0 0 0 0.067658        0 -0.01614  -0.03396 -0.038737  -0.01614 -0.03396 0.040889 -0.01614 
