Pelvis -0.0664302 0.00134227 0.0998498 0.831264 -0.0115813 -0.555485 0.017371
L5 0 0 0 1 0 0 0
L3 0 0 0 1 0 0 0
T12 0 0 0 1 0 0 0
T8 0.150228 -0.000616398 0.083418 0.850873 0.0424653 0.521742 -0.0446951
Neck 0 0 0 1 0 0 0
Head -0.0746211 -0.00213678 0.082931 0.622296 0.651288 -0.198976 0.385981
RightShoulder -0.0211558 -0.0535353 -0.0641336 0.461771 0.260996 -0.211149 -0.821014
RightUpperArm -0.0191725 -2.77556e-17 0.0214095 0.748606 -0.0428326 -0.055675 -0.659285
RightForeArm -0.0153881 -2.77556e-17 -0.00288314 0.74712 -0.169996 0.151091 -0.624568
RightHand 0.0104523 -1.38778e-17 0.0208444 0.749124 -0.174432 0.177522 -0.613899
LeftShoulder -0.0220013 0.0534903 -0.0644281 0.523816 0.0712149 -0.215977 -0.820914
LeftUpperArm -0.0241077 2.77556e-17 0.029158 0.698554 0.0708062 0.0145286 0.711897
LeftForeArm -0.025829 2.77556e-17 0.00473756 0.726856 0.151516 0.0552612 0.667584
LeftHand 0.00478005 1.38778e-17 0.0165048 0.744865 0.123058 0.0463036 0.654134
RightUpperLeg 0.0144364 -0.0502393 -0.276609 0.557848 0.452415 0.654378 -0.236467
RightLowerLeg 0.0340786 0.00688209 -0.147289 -0.642372 0.31398 -0.645739 -0.26795
RightFoot 0.088764 0.00137365 -0.0121498 0.92846 0.256505 0.259664 0.0688616
RightToe 0 0 0 1 0 0 0
LeftUpperLeg 0.0131836 0.0526613 -0.276897 -0.522278 0.514603 -0.523318 -0.434222
LeftLowerLeg 0.0350129 -0.00617763 -0.147617 0.605656 0.372316 0.620984 -0.330062
LeftFoot 0.0900386 -0.0197261 -0.0079057 0.114791 -0.238271 -0.147013 -0.953119
LeftToe 0 0 0 1 0 0 0
Pelvis 0 0 0 -3.1e-05        0 0.105586   1.5e-05 -0.085994  0.000152  1.5e-05 0.085994 0.000152 -0.021278 -0.053746  0.109141 -0.021278  0.053746  0.109141  0.072783 -0.128991  0.077933 0.072783 0.128991 0.077933  0.037646 -0.107492  0.157154 0.037646 0.107492 0.157154 -0.059034 -0.053746 -0.049082 -0.059034  0.053746 -0.049082 -0.072783         0  0.027956 -0.059034         0 -0.049082 
L5 0 0 0 5.6e-05       0 0.11622 -0.032148         0 -0.003283 
L3 0 0 0        0        0 0.105011 -0.032333         0 -0.000305 
T12 0 0 0        0        0 0.105011 -0.032333         0 -0.000305 
T8 0 0 0        0        0 0.147579         0 -0.032235   0.08238        0 0.032235  0.08238 -0.032215         0  0.147884   0.12886         0 -0.003526  0.12349        0 0.125334 -0.032215         0  0.094192 -0.032215         0 -0.000305 
Neck 0 0 0 0.000134        0 0.097765 -0.031494         0  -0.00739 -0.019674         0 -0.059991 
Head 0 0 0    7e-05        0 0.186664 -0.006684 -0.075059  0.075224 -0.006684  0.075059  0.075224 -0.064092         0  0.061716 
RightShoulder 0 0 0         0 -0.151703         0 0.124579 0.032478 0.043332         0 -0.173348  0.054165 
RightUpperArm 0 0 0            0 -5.55112e-17     -0.32421         0 -0.032417  -0.32419        0  0.03782 -0.32419 
RightForeArm 0 0 0       -2e-06 -5.55112e-17    -0.265174     -0.02701 -5.55112e-17    -0.264051     0.027009 -5.55112e-17    -0.266256   -0.02701 2.1684e-19   0.001082 
RightHand 0 0 0            0 -2.77556e-17    -0.198373    -0.043351 -2.77556e-17    -0.113817 -0.021676  0.010838 -0.037953 
LeftShoulder 0 0 0        0 0.151703        0  0.124579 -0.032478  0.043332        0 0.173348 0.054165 
LeftUpperArm 0 0 0           0 5.55112e-17    -0.32421        0 0.032417 -0.32419        0 -0.03782 -0.32419 
LeftForeArm 0 0 0      -2e-06 5.55112e-17   -0.265174    -0.02701 5.55112e-17   -0.264051    0.027009 5.55112e-17   -0.266256    -0.02701 -2.1684e-19    0.001082 
LeftHand 0 0 0           0 2.77556e-17   -0.198373   -0.043351 2.77556e-17   -0.113817 -0.021676 -0.010838 -0.037953 
RightUpperLeg 0 0 0   2.2e-05         0 -0.463628  0.001648 -0.077849 -0.033531 -0.007783 -0.044485 -0.463402 -0.007783  0.038925 -0.463402  0.038872         0 -0.461158 
RightLowerLeg 0 0 0  0.000137         0 -0.453193 -0.007715 -0.044513 -0.001136 -0.007715  0.038949 -0.001136   4.9e-05 -0.033385 -0.452692   4.9e-05  0.033385 -0.452692  0.064215         0 -0.034353 
RightFoot 0 0 0  0.153824         0 -0.069373 -0.043519         0 -0.084978  0.121861  0.037819 -0.085131  0.121861  -0.03992 -0.085131  0.143922         0 -0.085131         0         0 -0.086371  0.108204  0.010505 -0.022099 
RightToe 0 0 0 0.067658        0 -0.01614 -0.03396 0.038737 -0.01614  -0.03396 -0.040889  -0.01614 
LeftUpperLeg 0 0 0   2.2e-05         0 -0.463628  0.001648  0.077849 -0.033531 -0.007783  0.044485 -0.463402 -0.007783 -0.038925 -0.463402  0.038872         0 -0.461158 
LeftLowerLeg 0 0 0  0.000137         0 -0.453193 -0.007715  0.044513 -0.001136 -0.007715 -0.038949 -0.001136   4.9e-05  0.033385 -0.452692   4.9e-05 -0.033385 -0.452692  0.064215         0 -0.034353 
LeftFoot 0 0 0  0.153824         0 -0.069373 -0.043519         0 -0.084978  0.121861 -0.037819 -0.085131  0.121861   0.03992 -0.085131  0.143922         0 -0.085131         0         0 -0.086371  0.108204 -0.010505 -0.022099 
LeftToe 0 0 0 0.067658        0 -0.01614  -0.03396 -0.038737  -0.01614 -0.03396 0.040889 -0.01614 
