Pelvis -0.0622447 0.00035457 0.102001 0.0313642 0.605856 -0.0238438 -0.794598
L5 0 0 0 1 0 0 0
L3 0 0 0 1 0 0 0
T12 0 0 0 1 0 0 0
T8 0.14703 -0.00134878 0.0902879 0.101946 -0.53795 -0.0686553 -0.833968
Neck 0 0 0 1 0 0 0
Head -0.0746096 0.000504016 0.0832266 0.91282 0.131394 0.355911 0.151071
RightShoulder -0.0173065 -0.0559557 -0.0642633 0.826027 0.274924 0.0732658 -0.486546
RightUpperArm -0.0523768 -2.77556e-17 0.0174817 0.74671 -0.0045794 0.0262767 -0.664615
RightForeArm -0.013074 -2.77556e-17 0.00272679 0.233393 -0.732057 0.606884 -0.203253
RightHand 0.0135489 -2.77556e-17 0.0162342 0.760773 -0.188154 0.15995 -0.600199
LeftShoulder -0.0232856 0.0545298 -0.0642692 0.723201 -0.36835 -0.0697289 0.580031
LeftUpperArm -0.0288429 2.77556e-17 0.0185612 0.668253 -0.308771 -0.324911 0.593743
LeftForeArm -0.0284349 2.77556e-17 0.0159232 0.462079 0.579809 0.465975 0.482877
LeftHand 0.001152 2.77556e-17 0.0154205 0.765903 0.195832 0.180731 0.585131
RightUpperLeg 0.0136367 -0.0412946 -0.277852 0.511959 0.484353 0.563135 -0.431485
RightLowerLeg 0.0339504 0.0084351 -0.149491 -0.581297 0.352388 -0.697295 -0.227368
RightFoot 0.0871719 0.00351138 -0.0120544 -0.929577 -0.257842 -0.247807 -0.0894211
RightToe 0 0 0 1 0 0 0
LeftUpperLeg 0.0113719 0.0471486 -0.276943 -0.452174 0.526046 -0.536252 -0.480883
LeftLowerLeg 0.035381 -0.0115064 -0.146548 0.527183 0.401417 0.688428 -0.294973
LeftFoot 0.0898891 0.0069566 -0.018281 0.206488 -0.227318 -0.164922 -0.937278
LeftToe 0 0 0 1 0 0 0
Pelvis 0 0 0 -3.1e-05        0  0.10558   1.6e-05 -0.085993  0.000154  1.6e-05 0.085993 0.000154 -0.021278 -0.053745   0.10914 -0.021278  0.053745   0.10914  0.072782 -0.128989  0.077932 0.072782 0.128989 0.077932  0.037646 -0.107491  0.157151 0.037646 0.107491 0.157151 -0.059033 -0.053745 -0.049081 -0.059033  0.053745 -0.049081 -0.072782         0  0.027956 -0.059033         0 -0.049081 
L5 0 0 0  5.7e-05        0 0.116208 -0.032147         0 -0.003287 
L3 0 0 0     0     0 0.105 -0.032332         0 -0.000309 
T12 0 0 0     0     0 0.105 -0.032332         0 -0.000309 
T8 0 0 0        0        0 0.147636         0 -0.032295  0.082412        0 0.032295 0.082412 -0.032229         0  0.147945  0.128917         0 -0.003532 0.123545        0 0.125385 -0.032229         0   0.09423 -0.032229         0 -0.000309 
Neck 0 0 0 0.000136        0 0.097755 -0.031493         0 -0.007394 -0.019672         0 -0.059995 
Head 0 0 0 7.1e-05       0 0.18664 -0.006682 -0.075053  0.075213 -0.006682  0.075053  0.075213 -0.064085         0  0.061706 
RightShoulder 0 0 0         0 -0.151955         0 0.124756 0.032479 0.043393         0 -0.173694  0.054242 
RightUpperArm 0 0 0            0 -5.55112e-17    -0.324068         0 -0.032404 -0.324056         0  0.037805 -0.324056 
RightForeArm 0 0 0       -1e-06 -5.55112e-17    -0.265075    -0.027002 -5.55112e-17    -0.263961     0.027001 -5.55112e-17    -0.266166  -0.027002 2.1684e-19    0.00109 
RightHand 0 0 0            0 -5.55112e-17    -0.198312    -0.043342 -2.77556e-17    -0.113784 -0.021671  0.010835 -0.037936 
LeftShoulder 0 0 0        0 0.151955        0  0.124756 -0.032479  0.043393        0 0.173694 0.054242 
LeftUpperArm 0 0 0           0 5.55112e-17   -0.324068         0  0.032404 -0.324056         0 -0.037805 -0.324056 
LeftForeArm 0 0 0      -1e-06 5.55112e-17   -0.265075   -0.027002 5.55112e-17   -0.263961    0.027001 5.55112e-17   -0.266166   -0.027002 -2.1684e-19     0.00109 
LeftHand 0 0 0           0 5.55112e-17   -0.198312   -0.043342 2.77556e-17   -0.113784 -0.021671 -0.010835 -0.037936 
RightUpperLeg 0 0 0   1.9e-05         0 -0.462187  0.001643 -0.077616 -0.033474  -0.00776 -0.044352  -0.46201 -0.00776 0.038808 -0.46201  0.038756         0 -0.459773 
RightLowerLeg 0 0 0  0.000133         0 -0.454656 -0.007743 -0.044648 -0.001183 -0.007743  0.039067 -0.001183   4.5e-05 -0.033486 -0.454109   4.5e-05  0.033486 -0.454109  0.064406         0 -0.034501 
RightFoot 0 0 0  0.153826         0 -0.069379 -0.043518         0 -0.084982  0.121864   0.03782 -0.085137  0.121864 -0.039921 -0.085137  0.143926         0 -0.085137         0         0 -0.086384  0.108207  0.010506 -0.022104 
RightToe 0 0 0  0.067658         0 -0.016141 -0.033964  0.038739 -0.016141 -0.033964 -0.040891 -0.016141 
LeftUpperLeg 0 0 0   1.9e-05         0 -0.462187  0.001643  0.077616 -0.033474 -0.00776 0.044352 -0.46201  -0.00776 -0.038808  -0.46201  0.038756         0 -0.459773 
LeftLowerLeg 0 0 0  0.000133         0 -0.454656 -0.007743  0.044648 -0.001183 -0.007743 -0.039067 -0.001183   4.5e-05  0.033486 -0.454109   4.5e-05 -0.033486 -0.454109  0.064406         0 -0.034501 
LeftFoot 0 0 0  0.153826         0 -0.069379 -0.043518         0 -0.084982  0.121864  -0.03782 -0.085137  0.121864  0.039921 -0.085137  0.143926         0 -0.085137         0         0 -0.086384  0.108207 -0.010506 -0.022104 
LeftToe 0 0 0  0.067658         0 -0.016141 -0.033964 -0.038739 -0.016141 -0.033964  0.040891 -0.016141 
