Pelvis -0.0600985 0.00105839 0.102744 0.829479 -0.0114119 -0.558109 0.0186134
L5 0 0 0 1 0 0 0
L3 0 0 0 1 0 0 0
T12 0 0 0 1 0 0 0
T8 0.149792 -0.000172541 0.0834497 0.850868 0.0425037 0.521745 -0.044711
Neck 0 0 0 1 0 0 0
Head -0.0739 -0.00188872 0.0834032 0.622295 0.651289 -0.198996 0.38597
RightShoulder -0.0216513 -0.0544672 -0.064166 0.461751 0.261008 -0.211148 -0.821022
RightUpperArm -0.025767 -2.77556e-17 0.0167021 0.748604 -0.0428223 -0.0556886 -0.659285
RightForeArm -0.0415017 -2.77556e-17 0.0291807 0.74712 -0.169987 0.151081 -0.624573
RightHand -0.0234928 -1.38778e-17 0.040015 0.749124 -0.174429 0.177521 -0.6139
LeftShoulder -0.0206589 0.0586838 -0.0658094 0.523808 0.071208 -0.215973 -0.820921
LeftUpperArm -0.0166521 2.77556e-17 0.0232192 0.698551 0.0708112 0.0145296 0.7119
LeftForeArm -0.0367119 2.77556e-17 0.0177176 0.726865 0.151529 0.0552843 0.667571
LeftHand -0.0219184 1.38778e-17 0.0301979 0.744873 0.123054 0.0463045 0.654123
RightUpperLeg 0.0151711 -0.0405927 -0.278409 0.557155 0.452354 0.654674 -0.237395
RightLowerLeg 0.0364832 0.0104195 -0.147549 -0.641394 0.314366 -0.646582 -0.267805
RightFoot 0.0902803 0.00473528 -0.010056 0.930518 0.251248 0.258336 0.0653674
RightToe 0 0 0 1 0 0 0
LeftUpperLeg 0.01174 0.0398569 -0.279425 -0.515465 0.522637 -0.522225 -0.434082
LeftLowerLeg 0.033137 -0.0118779 -0.14682 0.604885 0.374878 0.619131 -0.332053
LeftFoot 0.0863284 -0.00493466 -0.0122369 0.204722 -0.224123 -0.160904 -0.939131
LeftToe 0 0 0 1 0 0 0
Pelvis 0 0 0 -3.1e-05        0 0.105586   1.5e-05 -0.085994  0.000152  1.5e-05 0.085994 0.000152 -0.021278 -0.053746  0.109141 -0.021278  0.053746  0.109141  0.072783 -0.128991  0.077933 0.072783 0.128991 0.077933  0.037646 -0.107492  0.157154 0.037646 0.107492 0.157154 -0.059034 -0.053746 -0.049082 -0.059034  0.053746 -0.049082 -0.072783         0  0.027956 -0.059034         0 -0.049082 
L5 0 0 0 5.6e-05       0 0.11622 -0.032148         0 -0.003283 
L3 0 0 0        0        0 0.105011 -0.032333         0 -0.000305 
T12 0 0 0        0        0 0.105011 -0.032333         0 -0.000305 
T8 0 0 0        0        0 0.147579         0 -0.032235   0.08238        0 0.032235  0.08238 -0.032215         0  0.147884   0.12886         0 -0.003526  0.12349        0 0.125334 -0.032215         0  0.094192 -0.032215         0 -0.000305 
Neck 0 0 0 0.000134        0 0.097765 -0.031494         0  -0.00739 -0.019674         0 -0.059991 
Head 0 0 0    7e-05        0 0.186664 -0.006684 -0.075059  0.075224 -0.006684  0.075059  0.075224 -0.064092         0  0.061716 
RightShoulder 0 0 0         0 -0.151703         0 0.124579 0.032478 0.043332         0 -0.173348  0.054165 
RightUpperArm 0 0 0            0 -5.55112e-17     -0.32421         0 -0.032417  -0.32419        0  0.03782 -0.32419 
RightForeArm 0 0 0       -2e-06 -5.55112e-17    -0.265174     -0.02701 -5.55112e-17    -0.264051     0.027009 -5.55112e-17    -0.266256   -0.02701 2.1684e-19   0.001082 
RightHand 0 0 0            0 -2.77556e-17    -0.198373    -0.043351 -2.77556e-17    -0.113817 -0.021676  0.010838 -0.037953 
LeftShoulder 0 0 0        0 0.151703        0  0.124579 -0.032478  0.043332        0 0.173348 0.054165 
LeftUpperArm 0 0 0           0 5.55112e-17    -0.32421        0 0.032417 -0.32419        0 -0.03782 -0.32419 
LeftForeArm 0 0 0      -2e-06 5.55112e-17   -0.265174    -0.02701 5.55112e-17   -0.264051    0.027009 5.55112e-17   -0.266256    -0.02701 -2.1684e-19    0.001082 
LeftHand 0 0 0           0 2.77556e-17   -0.198373   -0.043351 2.77556e-17   -0.113817 -0.021676 -0.010838 -0.037953 
RightUpperLeg 0 0 0   2.2e-05         0 -0.463628  0.001648 -0.077849 -0.033531 -0.007783 -0.044485 -0.463402 -0.007783  0.038925 -0.463402  0.038872         0 -0.461158 
RightLowerLeg 0 0 0  0.000137         0 -0.453193 -0.007715 -0.044513 -0.001136 -0.007715  0.038949 -0.001136   4.9e-05 -0.033385 -0.452692   4.9e-05  0.033385 -0.452692  0.064215         0 -0.034353 
RightFoot 0 0 0  0.153824         0 -0.069373 -0.043519         0 -0.084978  0.121861  0.037819 -0.085131  0.121861  -0.03992 -0.085131  0.143922         0 -0.085131         0         0 -0.086371  0.108204  0.010505 -0.022099 
RightToe 0 0 0 0.067658        0 -0.01614 -0.03396 0.038737 -0.01614  -0.03396 -0.040889  -0.01614 
LeftUpperLeg 0 0 0   2.2e-05         0 -0.463628  0.001648  0.077849 -0.033531 -0.007783  0.044485 -0.463402 -0.007783 -0.038925 -0.463402  0.038872         0 -0.461158 
LeftLowerLeg 0 0 0  0.000137         0 -0.453193 -0.007715  0.044513 -0.001136 -0.007715 -0.038949 -0.001136   4.9e-05  0.033385 -0.452692   4.9e-05 -0.033385 -0.452692  0.064215         0 -0.034353 
LeftFoot 0 0 0  0.153824         0 -0.069373 -0.043519         0 -0.084978  0.121861 -0.037819 -0.085131  0.121861   0.03992 -0.085131  0.143922         0 -0.085131         0         0 -0.086371  0.108204 -0.010505 -0.022099 
LeftToe 0 0 0 0.067658        0 -0.01614  -0.03396 -0.038737  -0.01614 -0.03396 0.040889 -0.01614 
