Pelvis -0.0577965 -0.00116319 0.103025 0.832591 -0.0106861 -0.553526 0.0169209
L5 0 0 0 1 0 0 0
L3 0 0 0 1 0 0 0
T12 0 0 0 1 0 0 0
T8 0.149798 0.000395334 0.0836327 0.85086 0.0424315 0.521765 -0.0446967
Neck 0 0 0 1 0 0 0
Head -0.0744825 -0.000201041 0.0828657 0.622337 0.651281 -0.198933 0.385947
RightShoulder -0.0208687 -0.0546083 -0.063776 0.461766 0.260992 -0.211125 -0.821024
RightUpperArm -0.0226031 -2.77556e-17 0.0180794 0.7486 -0.0428313 -0.055664 -0.659292
RightForeArm -0.0239641 -2.77556e-17 -0.00230741 0.747116 -0.169988 0.151096 -0.624574
RightHand 0.00052531 -1.38778e-17 0.0248292 0.749123 -0.174431 0.177523 -0.613901
LeftShoulder -0.0211337 0.0543492 -0.0639349 0.523821 0.0712014 -0.215991 -0.820908
LeftUpperArm -0.0197985 2.77556e-17 0.0210012 0.698551 0.0708051 0.0145274 0.7119
LeftForeArm -0.0365897 2.77556e-17 0.0124128 0.726855 0.15152 0.0552932 0.667581
LeftHand 0.000657024 1.38778e-17 0.0228928 0.744873 0.123054 0.046304 0.654124
RightUpperLeg 0.0143608 -0.0450655 -0.277866 0.558453 0.450632 0.654339 -0.238539
RightLowerLeg 0.0359025 0.00891936 -0.146683 -0.641068 0.315391 -0.647029 -0.2663
RightFoot 0.0910344 0.00444078 -0.0100892 0.931168 0.25449 0.255439 0.0539703
RightToe 0 0 0 1 0 0 0
LeftUpperLeg 0.0115755 0.0398686 -0.279263 -0.51586 0.522377 -0.520728 -0.435722
LeftLowerLeg 0.034578 -0.0108394 -0.147058 0.604196 0.37602 0.619404 -0.331503
LeftFoot 0.0882032 -0.00628254 -0.0112047 0.211795 -0.221107 -0.158111 -0.938752
LeftToe 0 0 0 1 0 0 0
Pelvis 0 0 0 -3.1e-05        0 0.105586   1.5e-05 -0.085994  0.000152  1.5e-05 0.085994 0.000152 -0.021278 -0.053746  0.109141 -0.021278  0.053746  0.109141  0.072783 -0.128991  0.077933 0.072783 0.128991 0.077933  0.037646 -0.107492  0.157154 0.037646 0.107492 0.157154 -0.059034 -0.053746 -0.049082 -0.059034  0.053746 -0.049082 -0.072783         0  0.027956 -0.059034         0 -0.049082 
L5 0 0 0 5.6e-05       0 0.11622 -0.032148         0 -0.003283 
L3 0 0 0        0        0 0.105011 -0.032333         0 -0.000305 
T12 0 0 0        0        0 0.105011 -0.032333         0 -0.000305 
T8 0 0 0        0        0 0.147579         0 -0.032235   0.08238        0 0.032235  0.08238 -0.032215         0  0.147884   0.12886         0 -0.003526  0.12349        0 0.125334 -0.032215         0  0.094192 -0.032215         0 -0.000305 
Neck 0 0 0 0.000134        0 0.097765 -0.031494         0  -0.00739 -0.019674         0 -0.059991 
Head 0 0 0    7e-05        0 0.186664 -0.006684 -0.075059  0.075224 -0.006684  0.075059  0.075224 -0.064092         0  0.061716 
RightShoulder 0 0 0         0 -0.151703         0 0.124579 0.032478 0.043332         0 -0.173348  0.054165 
RightUpperArm 0 0 0            0 -5.55112e-17     -0.32421         0 -0.032417  -0.32419        0  0.03782 -0.32419 
RightForeArm 0 0 0       -2e-06 -5.55112e-17    -0.265174     -0.02701 -5.55112e-17    -0.264051     0.027009 -5.55112e-17    -0.266256   -0.02701 2.1684e-19   0.001082 
RightHand 0 0 0            0 -2.77556e-17    -0.198373    -0.043351 -2.77556e-17    -0.113817 -0.021676  0.010838 -0.037953 
LeftShoulder 0 0 0        0 0.151703        0  0.124579 -0.032478  0.043332        0 0.173348 0.054165 
LeftUpperArm 0 0 0           0 5.55112e-17    -0.32421        0 0.032417 -0.32419        0 -0.03782 -0.32419 
LeftForeArm 0 0 0      -2e-06 5.55112e-17   -0.265174    -0.02701 5.55112e-17   -0.264051    0.027009 5.55112e-17   -0.266256    -0.02701 -2.1684e-19    0.001082 
LeftHand 0 0 0           0 2.77556e-17   -0.198373   -0.043351 2.77556e-17   -0.113817 -0.021676 -0.010838 -0.037953 
RightUpperLeg 0 0 0   2.2e-05         0 -0.463628  0.001648 -0.077849 -0.033531 -0.007783 -0.044485 -0.463402 -0.007783  0.038925 -0.463402  0.038872         0 -0.461158 
RightLowerLeg 0 0 0  0.000137         0 -0.453193 -0.007715 -0.044513 -0.001136 -0.007715  0.038949 -0.001136   4.9e-05 -0.033385 -0.452692   4.9e-05  0.033385 -0.452692  0.064215         0 -0.034353 
RightFoot 0 0 0  0.153824         0 -0.069373 -0.043519         0 -0.084978  0.121861  0.037819 -0.085131  0.121861  -0.03992 -0.085131  0.143922         0 -0.085131         0         0 -0.086371  0.108204  0.010505 -0.022099 
RightToe 0 0 0 0.067658        0 -0.01614 -0.03396 0.038737 -0.01614  -0.03396 -0.040889  -0.01614 
LeftUpperLeg 0 0 0   2.2e-05         0 -0.463628  0.001648  0.077849 -0.033531 -0.007783  0.044485 -0.463402 -0.007783 -0.038925 -0.463402  0.038872         0 -0.461158 
LeftLowerLeg 0 0 0  0.000137         0 -0.453193 -0.007715  0.044513 -0.001136 -0.007715 -0.038949 -0.001136   4.9e-05  0.033385 -0.452692   4.9e-05 -0.033385 -0.452692  0.064215         0 -0.034353 
LeftFoot 0 0 0  0.153824         0 -0.069373 -0.043519         0 -0.084978  0.121861 -0.037819 -0.085131  0.121861   0.03992 -0.085131  0.143922         0 -0.085131         0         0 -0.086371  0.108204 -0.010505 -0.022099 
LeftToe 0 0 0 0.067658        0 -0.01614  -0.03396 -0.038737  -0.01614 -0.03396 0.040889 -0.01614 
