Pelvis -0.0519852 0.0035401 0.105896 0.022219 0.605269 -0.0225939 -0.79539
L5 0 0 0 1 0 0 0
L3 0 0 0 1 0 0 0
T12 0 0 0 1 0 0 0
T8 0.14965 0.000144585 0.0845535 0.101946 -0.538003 -0.0686749 -0.833933
Neck 0 0 0 1 0 0 0
Head -0.074437 0.000554661 0.0817647 0.912811 0.131349 0.355961 0.151043
RightShoulder -0.0221594 -0.0531587 -0.0640678 0.826019 0.274912 0.0732862 -0.486563
RightUpperArm -0.0365188 -2.77556e-17 0.0167844 0.746705 -0.00457741 0.0262777 -0.664622
RightForeArm -0.0120988 -2.77556e-17 0.014124 0.2334 -0.73205 0.60689 -0.203257
RightHand 0.00170739 -2.77556e-17 0.0257316 0.760773 -0.18815 0.15995 -0.600199
LeftShoulder -0.0224433 0.0560266 -0.0648721 0.723198 -0.368352 -0.0697162 0.580035
LeftUpperArm -0.0277505 2.77556e-17 0.0115548 0.66826 -0.308755 -0.324894 0.593753
LeftForeArm -0.0480379 2.77556e-17 -0.00990437 0.462069 0.579813 0.465998 0.482862
LeftHand 0.0131818 2.77556e-17 -0.000456431 0.765912 0.195827 0.180733 0.585122
RightUpperLeg 0.0150109 -0.0483687 -0.278938 0.510062 0.486268 0.556148 -0.440546
RightLowerLeg 0.0346992 0.00842975 -0.148136 -0.580007 0.35423 -0.695741 -0.232499
RightFoot 0.0914634 0.00124932 -0.0106728 -0.927741 -0.26334 -0.249185 -0.0886263
RightToe 0 0 0 1 0 0 0
LeftUpperLeg 0.0058512 0.0475957 -0.281644 -0.456269 0.522341 -0.542615 -0.473865
LeftLowerLeg 0.0327907 -0.0079965 -0.147381 0.531735 0.395598 0.688082 -0.29547
LeftFoot 0.0902822 0.00107526 -0.0131919 0.205738 -0.224057 -0.168865 -0.937527
LeftToe 0 0 0 1 0 0 0
Pelvis 0 0 0 -3.1e-05        0  0.10558   1.6e-05 -0.085993  0.000154  1.6e-05 0.085993 0.000154 -0.021278 -0.053745   0.10914 -0.021278  0.053745   0.10914  0.072782 -0.128989  0.077932 0.072782 0.128989 0.077932  0.037646 -0.107491  0.157151 0.037646 0.107491 0.157151 -0.059033 -0.053745 -0.049081 -0.059033  0.053745 -0.049081 -0.072782         0  0.027956 -0.059033         0 -0.049081 
L5 0 0 0  5.7e-05        0 0.116208 -0.032147         0 -0.003287 
L3 0 0 0     0     0 0.105 -0.032332         0 -0.000309 
T12 0 0 0     0     0 0.105 -0.032332         0 -0.000309 
T8 0 0 0        0        0 0.147636         0 -0.032295  0.082412        0 0.032295 0.082412 -0.032229         0  0.147945  0.128917         0 -0.003532 0.123545        0 0.125385 -0.032229         0   0.09423 -0.032229         0 -0.000309 
Neck 0 0 0 0.000136        0 0.097755 -0.031493         0 -0.007394 -0.019672         0 -0.059995 
Head 0 0 0 7.1e-05       0 0.18664 -0.006682 -0.075053  0.075213 -0.006682  0.075053  0.075213 -0.064085         0  0.061706 
RightShoulder 0 0 0         0 -0.151955         0 0.124756 0.032479 0.043393         0 -0.173694  0.054242 
RightUpperArm 0 0 0            0 -5.55112e-17    -0.324068         0 -0.032404 -0.324056         0  0.037805 -0.324056 
RightForeArm 0 0 0       -1e-06 -5.55112e-17    -0.265075    -0.027002 -5.55112e-17    -0.263961     0.027001 -5.55112e-17    -0.266166  -0.027002 2.1684e-19    0.00109 
RightHand 0 0 0            0 -5.55112e-17    -0.198312    -0.043342 -2.77556e-17    -0.113784 -0.021671  0.010835 -0.037936 
LeftShoulder 0 0 0        0 0.151955        0  0.124756 -0.032479  0.043393        0 0.173694 0.054242 
LeftUpperArm 0 0 0           0 5.55112e-17   -0.324068         0  0.032404 -0.324056         0 -0.037805 -0.324056 
LeftForeArm 0 0 0      -1e-06 5.55112e-17   -0.265075   -0.027002 5.55112e-17   -0.263961    0.027001 5.55112e-17   -0.266166   -0.027002 -2.1684e-19     0.00109 
LeftHand 0 0 0           0 5.55112e-17   -0.198312   -0.043342 2.77556e-17   -0.113784 -0.021671 -0.010835 -0.037936 
RightUpperLeg 0 0 0   1.9e-05         0 -0.462187  0.001643 -0.077616 -0.033474  -0.00776 -0.044352  -0.46201 -0.00776 0.038808 -0.46201  0.038756         0 -0.459773 
RightLowerLeg 0 0 0  0.000133         0 -0.454656 -0.007743 -0.044648 -0.001183 -0.007743  0.039067 -0.001183   4.5e-05 -0.033486 -0.454109   4.5e-05  0.033486 -0.454109  0.064406         0 -0.034501 
RightFoot 0 0 0  0.153826         0 -0.069379 -0.043518         0 -0.084982  0.121864   0.03782 -0.085137  0.121864 -0.039921 -0.085137  0.143926         0 -0.085137         0         0 -0.086384  0.108207  0.010506 -0.022104 
RightToe 0 0 0  0.067658         0 -0.016141 -0.033964  0.038739 -0.016141 -0.033964 -0.040891 -0.016141 
LeftUpperLeg 0 0 0   1.9e-05         0 -0.462187  0.001643  0.077616 -0.033474 -0.00776 0.044352 -0.46201  -0.00776 -0.038808  -0.46201  0.038756         0 -0.459773 
LeftLowerLeg 0 0 0  0.000133         0 -0.454656 -0.007743  0.044648 -0.001183 -0.007743 -0.039067 -0.001183   4.5e-05  0.033486 -0.454109   4.5e-05 -0.033486 -0.454109  0.064406         0 -0.034501 
LeftFoot 0 0 0  0.153826         0 -0.069379 -0.043518         0 -0.084982  0.121864  -0.03782 -0.085137  0.121864  0.039921 -0.085137  0.143926         0 -0.085137         0         0 -0.086384  0.108207 -0.010506 -0.022104 
LeftToe 0 0 0  0.067658         0 -0.016141 -0.033964 -0.038739 -0.016141 -0.033964  0.040891 -0.016141 
