Pelvis -0.0599392 -0.000320651 0.103035 0.0252169 0.607011 -0.0233259 -0.793951
L5 0 0 0 1 0 0 0
L3 0 0 0 1 0 0 0
T12 0 0 0 1 0 0 0
T8 0.150529 -0.000168681 0.0827453 0.101949 -0.537966 -0.0686722 -0.833957
Neck 0 0 0 1 0 0 0
Head -0.0745845 -0.000397057 0.082345 0.91282 0.131424 0.355901 0.151066
RightShoulder -0.0174555 -0.0549099 -0.0653931 0.826019 0.274922 0.0732735 -0.486562
RightUpperArm -0.0326292 -2.77556e-17 0.0144787 0.746706 -0.00457684 0.0262707 -0.664619
RightForeArm -0.0425819 -2.77556e-17 0.0316373 0.233392 -0.732051 0.606891 -0.203257
RightHand -0.0262748 -2.77556e-17 0.0390243 0.760773 -0.188151 0.159949 -0.600199
LeftShoulder -0.0221975 0.0544415 -0.0639007 0.723209 -0.368346 -0.06972 0.580026
LeftUpperArm -0.0545023 2.77556e-17 0.00241738 0.668262 -0.308759 -0.324891 0.593751
LeftForeArm -0.0330967 2.77556e-17 0.0271357 0.462079 0.579817 0.465988 0.482858
LeftHand -0.0110598 2.77556e-17 0.0298725 0.765911 0.195827 0.180735 0.585122
RightUpperLeg 0.015385 -0.0513441 -0.276922 0.512827 0.483162 0.557778 -0.438686
RightLowerLeg 0.0338739 0.00568586 -0.147878 -0.580347 0.353413 -0.696676 -0.230083
RightFoot 0.0899779 -0.00100762 -0.0104193 -0.929144 -0.257659 -0.249503 -0.0897342
RightToe 0 0 0 1 0 0 0
LeftUpperLeg -0.00298719 0.0492984 -0.275233 -0.453894 0.525086 -0.536993 -0.479482
LeftLowerLeg 0.0323428 -0.00725485 -0.146121 0.5294 0.399905 0.687397 -0.295463
LeftFoot 0.0904778 0.00767978 -0.0124673 0.218285 -0.221062 -0.176874 -0.933916
LeftToe 0 0 0 1 0 0 0
Pelvis 0 0 0 -3.1e-05        0  0.10558   1.6e-05 -0.085993  0.000154  1.6e-05 0.085993 0.000154 -0.021278 -0.053745   0.10914 -0.021278  0.053745   0.10914  0.072782 -0.128989  0.077932 0.072782 0.128989 0.077932  0.037646 -0.107491  0.157151 0.037646 0.107491 0.157151 -0.059033 -0.053745 -0.049081 -0.059033  0.053745 -0.049081 -0.072782         0  0.027956 -0.059033         0 -0.049081 
L5 0 0 0  5.7e-05        0 0.116208 -0.032147         0 -0.003287 
L3 0 0 0     0     0 0.105 -0.032332         0 -0.000309 
T12 0 0 0     0     0 0.105 -0.032332         0 -0.000309 
T8 0 0 0        0        0 0.147636         0 -0.032295  0.082412        0 0.032295 0.082412 -0.032229         0  0.147945  0.128917         0 -0.003532 0.123545        0 0.125385 -0.032229         0   0.09423 -0.032229         0 -0.000309 
Neck 0 0 0 0.000136        0 0.097755 -0.031493         0 -0.007394 -0.019672         0 -0.059995 
Head 0 0 0 7.1e-05       0 0.18664 -0.006682 -0.075053  0.075213 -0.006682  0.075053  0.075213 -0.064085         0  0.061706 
RightShoulder 0 0 0         0 -0.151955         0 0.124756 0.032479 0.043393         0 -0.173694  0.054242 
RightUpperArm 0 0 0            0 -5.55112e-17    -0.324068         0 -0.032404 -0.324056         0  0.037805 -0.324056 
RightForeArm 0 0 0       -1e-06 -5.55112e-17    -0.265075    -0.027002 -5.55112e-17    -0.263961     0.027001 -5.55112e-17    -0.266166  -0.027002 2.1684e-19    0.00109 
RightHand 0 0 0            0 -5.55112e-17    -0.198312    -0.043342 -2.77556e-17    -0.113784 -0.021671  0.010835 -0.037936 
LeftShoulder 0 0 0        0 0.151955        0  0.124756 -0.032479  0.043393        0 0.173694 0.054242 
LeftUpperArm 0 0 0           0 5.55112e-17   -0.324068         0  0.032404 -0.324056         0 -0.037805 -0.324056 
LeftForeArm 0 0 0      -1e-06 5.55112e-17   -0.265075   -0.027002 5.55112e-17   -0.263961    0.027001 5.55112e-17   -0.266166   -0.027002 -2.1684e-19     0.00109 
LeftHand 0 0 0           0 5.55112e-17   -0.198312   -0.043342 2.77556e-17   -0.113784 -0.021671 -0.010835 -0.037936 
RightUpperLeg 0 0 0   1.9e-05         0 -0.462187  0.001643 -0.077616 -0.033474  -0.00776 -0.044352  -0.46201 -0.00776 0.038808 -0.46201  0.038756         0 -0.459773 
RightLowerLeg 0 0 0  0.000133         0 -0.454656 -0.007743 -0.044648 -0.001183 -0.007743  0.039067 -0.001183   4.5e-05 -0.033486 -0.454109   4.5e-05  0.033486 -0.454109  0.064406         0 -0.034501 
RightFoot 0 0 0  0.153826         0 -0.069379 -0.043518         0 -0.084982  0.121864   0.03782 -0.085137  0.121864 -0.039921 -0.085137  0.143926         0 -0.085137         0         0 -0.086384  0.108207  0.010506 -0.022104 
RightToe 0 0 0  0.067658         0 -0.016141 -0.033964  0.038739 -0.016141 -0.033964 -0.040891 -0.016141 
LeftUpperLeg 0 0 0   1.9e-05         0 -0.462187  0.001643  0.077616 -0.033474 -0.00776 0.044352 -0.46201  -0.00776 -0.038808  -0.46201  0.038756         0 -0.459773 
LeftLowerLeg 0 0 0  0.000133         0 -0.454656 -0.007743  0.044648 -0.001183 -0.007743 -0.039067 -0.001183   4.5e-05  0.033486 -0.454109   4.5e-05 -0.033486 -0.454109  0.064406         0 -0.034501 
LeftFoot 0 0 0  0.153826         0 -0.069379 -0.043518         0 -0.084982  0.121864  -0.03782 -0.085137  0.121864  0.039921 -0.085137  0.143926         0 -0.085137         0         0 -0.086384  0.108207 -0.010506 -0.022104 
LeftToe 0 0 0  0.067658         0 -0.016141 -0.033964 -0.038739 -0.016141 -0.033964  0.040891 -0.016141 
