Pelvis -0.0529904 -0.000908139 0.0955133 0.0315871 0.605929 -0.0238023 -0.794535
L5 0 0 0 1 0 0 0
L3 0 0 0 1 0 0 0
T12 0 0 0 1 0 0 0
T8 0.149004 0.00097593 0.0893831 0.101911 -0.538063 -0.0686296 -0.833902
Neck 0 0 0 1 0 0 0
Head -0.0797542 0.0012832 0.0816073 0.912322 0.131547 0.357304 0.150662
RightShoulder -0.0220797 -0.0535072 -0.06417 0.825989 0.274844 0.0733685 -0.486642
RightUpperArm -0.0517472 -2.77556e-17 0.013219 0.746664 -0.00456672 0.02628 -0.664667
RightForeArm -0.0132562 -2.77556e-17 0.027713 0.233426 -0.732028 0.606903 -0.203261
RightHand -0.00482116 -2.77556e-17 0.0273403 0.760773 -0.188145 0.159946 -0.600203
LeftShoulder -0.0216312 0.0539315 -0.0644029 0.723231 -0.368226 -0.0696001 0.580087
LeftUpperArm -0.0155687 2.77556e-17 0.0280041 0.668231 -0.308712 -0.324909 0.5938
LeftForeArm -0.00413055 2.77556e-17 0.0270179 0.462063 0.579816 0.466019 0.482844
LeftHand 0.00532382 2.77556e-17 0.0197671 0.76591 0.195827 0.180737 0.585122
RightUpperLeg 0.0162034 -0.0433112 -0.278758 0.509946 0.487184 0.560547 -0.434043
RightLowerLeg 0.0320187 0.00729905 -0.157527 -0.580823 0.354161 -0.696353 -0.228707
RightFoot 0.0920202 0.000988089 -0.00805494 -0.929857 -0.258688 -0.246815 -0.0867732
RightToe 0 0 0 1 0 0 0
LeftUpperLeg 0.0176325 0.0420116 -0.275702 -0.454018 0.523885 -0.53712 -0.480533
LeftLowerLeg 0.0330356 -0.00901666 -0.145362 0.527317 0.400504 0.68909 -0.294428
LeftFoot 0.0873205 0.00183966 -0.0126453 0.205916 -0.227425 -0.164827 -0.937395
LeftToe 0 0 0 1 0 0 0
Pelvis 0 0 0 -3.1e-05        0  0.10558   1.6e-05 -0.085993  0.000154  1.6e-05 0.085993 0.000154 -0.021278 -0.053745   0.10914 -0.021278  0.053745   0.10914  0.072782 -0.128989  0.077932 0.072782 0.128989 0.077932  0.037646 -0.107491  0.157151 0.037646 0.107491 0.157151 -0.059033 -0.053745 -0.049081 -0.059033  0.053745 -0.049081 -0.072782         0  0.027956 -0.059033         0 -0.049081 
L5 0 0 0  5.7e-05        0 0.116208 -0.032147         0 -0.003287 
L3 0 0 0     0     0 0.105 -0.032332         0 -0.000309 
T12 0 0 0     0     0 0.105 -0.032332         0 -0.000309 
T8 0 0 0        0        0 0.147636         0 -0.032295  0.082412        0 0.032295 0.082412 -0.032229         0  0.147945  0.128917         0 -0.003532 0.123545        0 0.125385 -0.032229         0   0.09423 -0.032229         0 -0.000309 
Neck 0 0 0 0.000136        0 0.097755 -0.031493         0 -0.007394 -0.019672         0 -0.059995 
Head 0 0 0 7.1e-05       0 0.18664 -0.006682 -0.075053  0.075213 -0.006682  0.075053  0.075213 -0.064085         0  0.061706 
RightShoulder 0 0 0         0 -0.151955         0 0.124756 0.032479 0.043393         0 -0.173694  0.054242 
RightUpperArm 0 0 0            0 -5.55112e-17    -0.324068         0 -0.032404 -0.324056         0  0.037805 -0.324056 
RightForeArm 0 0 0       -1e-06 -5.55112e-17    -0.265075    -0.027002 -5.55112e-17    -0.263961     0.027001 -5.55112e-17    -0.266166  -0.027002 2.1684e-19    0.00109 
RightHand 0 0 0            0 -5.55112e-17    -0.198312    -0.043342 -2.77556e-17    -0.113784 -0.021671  0.010835 -0.037936 
LeftShoulder 0 0 0        0 0.151955        0  0.124756 -0.032479  0.043393        0 0.173694 0.054242 
LeftUpperArm 0 0 0           0 5.55112e-17   -0.324068         0  0.032404 -0.324056         0 -0.037805 -0.324056 
LeftForeArm 0 0 0      -1e-06 5.55112e-17   -0.265075   -0.027002 5.55112e-17   -0.263961    0.027001 5.55112e-17   -0.266166   -0.027002 -2.1684e-19     0.00109 
LeftHand 0 0 0           0 5.55112e-17   -0.198312   -0.043342 2.77556e-17   -0.113784 -0.021671 -0.010835 -0.037936 
RightUpperLeg 0 0 0   1.9e-05         0 -0.462187  0.001643 -0.077616 -0.033474  -0.00776 -0.044352  -0.46201 -0.00776 0.038808 -0.46201  0.038756         0 -0.459773 
RightLowerLeg 0 0 0  0.000133         0 -0.454656 -0.007743 -0.044648 -0.001183 -0.007743  0.039067 -0.001183   4.5e-05 -0.033486 -0.454109   4.5e-05  0.033486 -0.454109  0.064406         0 -0.034501 
RightFoot 0 0 0  0.153826         0 -0.069379 -0.043518         0 -0.084982  0.121864   0.03782 -0.085137  0.121864 -0.039921 -0.085137  0.143926         0 -0.085137         0         0 -0.086384  0.108207  0.010506 -0.022104 
RightToe 0 0 0  0.067658         0 -0.016141 -0.033964  0.038739 -0.016141 -0.033964 -0.040891 -0.016141 
LeftUpperLeg 0 0 0   1.9e-05         0 -0.462187  0.001643  0.077616 -0.033474 -0.00776 0.044352 -0.46201  -0.00776 -0.038808  -0.46201  0.038756         0 -0.459773 
LeftLowerLeg 0 0 0  0.000133         0 -0.454656 -0.007743  0.044648 -0.001183 -0.007743 -0.039067 -0.001183   4.5e-05  0.033486 -0.454109   4.5e-05 -0.033486 -0.454109  0.064406         0 -0.034501 
LeftFoot 0 0 0  0.153826         0 -0.069379 -0.043518         0 -0.084982  0.121864  -0.03782 -0.085137  0.121864  0.039921 -0.085137  0.143926         0 -0.085137         0         0 -0.086384  0.108207 -0.010506 -0.022104 
LeftToe 0 0 0  0.067658         0 -0.016141 -0.033964 -0.038739 -0.016141 -0.033964  0.040891 -0.016141 
