Pelvis -0.0636649 0.000120612 0.0970206 0.831382 -0.0113834 -0.555312 0.0174016
L5 0 0 0 1 0 0 0
L3 0 0 0 1 0 0 0
T12 0 0 0 1 0 0 0
T8 0.15004 -0.000742101 0.0841153 0.850843 0.0425493 0.521781 -0.0447291
Neck 0 0 0 1 0 0 0
Head -0.0772018 -8.9089e-05 0.0825673 0.622294 0.651236 -0.199037 0.386039
RightShoulder -0.0220058 -0.055422 -0.064502 0.461766 0.260991 -0.211126 -0.821025
RightUpperArm -0.00716832 -2.77556e-17 0.00177075 0.748601 -0.0428409 -0.0556791 -0.659289
RightForeArm -0.0358137 -2.77556e-17 0.0169947 0.747115 -0.170015 0.151077 -0.624571
RightHand -0.0306069 -1.38778e-17 0.0333218 0.749122 -0.17443 0.177523 -0.613902
LeftShoulder -0.0207345 0.053609 -0.0643649 0.52381 0.071203 -0.215976 -0.820919
LeftUpperArm 0.00158289 2.77556e-17 0.00841316 0.698576 0.0708465 0.0145551 0.711871
LeftForeArm -0.0386501 2.77556e-17 0.0307562 0.7269 0.151574 0.0552911 0.667521
LeftHand 0.0601423 1.38778e-17 0.00771114 0.744883 0.123052 0.0463077 0.654112
RightUpperLeg 0.0143143 -0.0473746 -0.278166 -0.557918 -0.450421 -0.658087 0.229717
RightLowerLeg 0.0343546 0.00789163 -0.147328 0.643465 -0.312438 0.646667 0.264873
RightFoot 0.089288 0.00275213 -0.0122803 -0.928045 -0.255599 -0.260918 -0.0729782
RightToe 0 0 0 1 0 0 0
LeftUpperLeg 0.012769 0.0481978 -0.28033 0.514626 -0.52384 0.513548 0.443866
LeftLowerLeg 0.0341324 -0.00839998 -0.147249 -0.602158 -0.378458 -0.618027 0.334989
LeftFoot 0.0896644 -0.0135973 -0.00893995 -0.16398 0.232027 0.158932 0.945524
LeftToe 0 0 0 1 0 0 0
Pelvis 0 0 0 -3.1e-05        0 0.105586   1.5e-05 -0.085994  0.000152  1.5e-05 0.085994 0.000152 -0.021278 -0.053746  0.109141 -0.021278  0.053746  0.109141  0.072783 -0.128991  0.077933 0.072783 0.128991 0.077933  0.037646 -0.107492  0.157154 0.037646 0.107492 0.157154 -0.059034 -0.053746 -0.049082 -0.059034  0.053746 -0.049082 -0.072783         0  0.027956 -0.059034         0 -0.049082 
L5 0 0 0 5.6e-05       0 0.11622 -0.032148         0 -0.003283 
L3 0 0 0        0        0 0.105011 -0.032333         0 -0.000305 
T12 0 0 0        0        0 0.105011 -0.032333         0 -0.000305 
T8 0 0 0        0        0 0.147579         0 -0.032235   0.08238        0 0.032235  0.08238 -0.032215         0  0.147884   0.12886         0 -0.003526  0.12349        0 0.125334 -0.032215         0  0.094192 -0.032215         0 -0.000305 
Neck 0 0 0 0.000134        0 0.097765 -0.031494         0  -0.00739 -0.019674         0 -0.059991 
Head 0 0 0    7e-05        0 0.186664 -0.006684 -0.075059  0.075224 -0.006684  0.075059  0.075224 -0.064092         0  0.061716 
RightShoulder 0 0 0         0 -0.151703         0 0.124579 0.032478 0.043332         0 -0.173348  0.054165 
RightUpperArm 0 0 0            0 -5.55112e-17     -0.32421         0 -0.032417  -0.32419        0  0.03782 -0.32419 
RightForeArm 0 0 0       -2e-06 -5.55112e-17    -0.265174     -0.02701 -5.55112e-17    -0.264051     0.027009 -5.55112e-17    -0.266256   -0.02701 2.1684e-19   0.001082 
RightHand 0 0 0            0 -2.77556e-17    -0.198373    -0.043351 -2.77556e-17    -0.113817 -0.021676  0.010838 -0.037953 
LeftShoulder 0 0 0        0 0.151703        0  0.124579 -0.032478  0.043332        0 0.173348 0.054165 
LeftUpperArm 0 0 0           0 5.55112e-17    -0.32421        0 0.032417 -0.32419        0 -0.03782 -0.32419 
LeftForeArm 0 0 0      -2e-06 5.55112e-17   -0.265174    -0.02701 5.55112e-17   -0.264051    0.027009 5.55112e-17   -0.266256    -0.02701 -2.1684e-19    0.001082 
LeftHand 0 0 0           0 2.77556e-17   -0.198373   -0.043351 2.77556e-17   -0.113817 -0.021676 -0.010838 -0.037953 
RightUpperLeg 0 0 0   2.2e-05         0 -0.463628  0.001648 -0.077849 -0.033531 -0.007783 -0.044485 -0.463402 -0.007783  0.038925 -0.463402  0.038872         0 -0.461158 
RightLowerLeg 0 0 0  0.000137         0 -0.453193 -0.007715 -0.044513 -0.001136 -0.007715  0.038949 -0.001136   4.9e-05 -0.033385 -0.452692   4.9e-05  0.033385 -0.452692  0.064215         0 -0.034353 
RightFoot 0 0 0  0.153824         0 -0.069373 -0.043519         0 -0.084978  0.121861  0.037819 -0.085131  0.121861  -0.03992 -0.085131  0.143922         0 -0.085131         0         0 -0.086371  0.108204  0.010505 -0.022099 
RightToe 0 0 0 0.067658        0 -0.01614 -0.03396 0.038737 -0.01614  -0.03396 -0.040889  -0.01614 
LeftUpperLeg 0 0 0   2.2e-05         0 -0.463628  0.001648  0.077849 -0.033531 -0.007783  0.044485 -0.463402 -0.007783 -0.038925 -0.463402  0.038872         0 -0.461158 
LeftLowerLeg 0 0 0  0.000137         0 -0.453193 -0.007715  0.044513 -0.001136 -0.007715 -0.038949 -0.001136   4.9e-05  0.033385 -0.452692   4.9e-05 -0.033385 -0.452692  0.064215         0 -0.034353 
LeftFoot 0 0 0  0.153824         0 -0.069373 -0.043519         0 -0.084978  0.121861 -0.037819 -0.085131  0.121861   0.03992 -0.085131  0.143922         0 -0.085131         0         0 -0.086371  0.108204 -0.010505 -0.022099 
LeftToe 0 0 0 0.067658        0 -0.01614  -0.03396 -0.038737  -0.01614 -0.03396 0.040889 -0.01614 
