Pelvis -0.060378 -0.000306456 0.102833 0.831361 -0.0117964 -0.555352 0.0167934
L5 0 0 0 1 0 0 0
L3 0 0 0 1 0 0 0
T12 0 0 0 1 0 0 0
T8 0.150188 -0.000421323 0.0835925 0.8508 0.0425326 0.521851 -0.0447491
Neck 0 0 0 1 0 0 0
Head -0.0733295 0.000696904 0.0829501 0.62284 0.651856 -0.198021 0.384633
RightShoulder -0.0207271 -0.0530012 -0.0634552 0.461719 0.260911 -0.211039 -0.821099
RightUpperArm -0.0277164 -2.77556e-17 0.015294 0.748559 -0.0428133 -0.055713 -0.659334
RightForeArm -0.0246894 -2.77556e-17 0.0101502 0.747127 -0.169947 0.151073 -0.624577
RightHand -0.00390835 -1.38778e-17 0.0309193 0.749125 -0.174425 0.177512 -0.613903
LeftShoulder -0.0216233 0.0527442 -0.0639398 0.523856 0.071084 -0.215874 -0.820926
LeftUpperArm -0.00780934 2.77556e-17 0.020254 0.698514 0.0708032 0.0145304 0.711937
LeftForeArm -0.0114559 2.77556e-17 0.010067 0.726856 0.15153 0.0553063 0.667578
LeftHand 0.00733764 1.38778e-17 0.022546 0.744873 0.123057 0.0463025 0.654123
RightUpperLeg 0.0135108 -0.0466854 -0.278367 0.554319 0.454973 0.657035 -0.232455
RightLowerLeg 0.0342326 0.00800091 -0.147247 -0.641878 0.312625 -0.64666 -0.268494
RightFoot 0.0890572 0.00308045 -0.0115079 0.928336 0.257158 0.259401 0.0690847
RightToe 0 0 0 1 0 0 0
LeftUpperLeg 0.0141296 0.0470667 -0.277894 -0.520724 0.517542 -0.522157 -0.433992
LeftLowerLeg 0.0342918 -0.00782895 -0.147493 0.606309 0.3725 0.619489 -0.331459
LeftFoot 0.0894947 -0.0196622 -0.00665824 0.112204 -0.238552 -0.148031 -0.9532
LeftToe 0 0 0 1 0 0 0
Pelvis 0 0 0 -3.1e-05        0 0.105586   1.5e-05 -0.085994  0.000152  1.5e-05 0.085994 0.000152 -0.021278 -0.053746  0.109141 -0.021278  0.053746  0.109141  0.072783 -0.128991  0.077933 0.072783 0.128991 0.077933  0.037646 -0.107492  0.157154 0.037646 0.107492 0.157154 -0.059034 -0.053746 -0.049082 -0.059034  0.053746 -0.049082 -0.072783         0  0.027956 -0.059034         0 -0.049082 
L5 0 0 0 5.6e-05       0 0.11622 -0.032148         0 -0.003283 
L3 0 0 0        0        0 0.105011 -0.032333         0 -0.000305 
T12 0 0 0        0        0 0.105011 -0.032333         0 -0.000305 
T8 0 0 0        0        0 0.147579         0 -0.032235   0.08238        0 0.032235  0.08238 -0.032215         0  0.147884   0.12886         0 -0.003526  0.12349        0 0.125334 -0.032215         0  0.094192 -0.032215         0 -0.000305 
Neck 0 0 0 0.000134        0 0.097765 -0.031494         0  -0.00739 -0.019674         0 -0.059991 
Head 0 0 0    7e-05        0 0.186664 -0.006684 -0.075059  0.075224 -0.006684  0.075059  0.075224 -0.064092         0  0.061716 
RightShoulder 0 0 0         0 -0.151703         0 0.124579 0.032478 0.043332         0 -0.173348  0.054165 
RightUpperArm 0 0 0            0 -5.55112e-17     -0.32421         0 -0.032417  -0.32419        0  0.03782 -0.32419 
RightForeArm 0 0 0       -2e-06 -5.55112e-17    -0.265174     -0.02701 -5.55112e-17    -0.264051     0.027009 -5.55112e-17    -0.266256   -0.02701 2.1684e-19   0.001082 
RightHand 0 0 0            0 -2.77556e-17    -0.198373    -0.043351 -2.77556e-17    -0.113817 -0.021676  0.010838 -0.037953 
LeftShoulder 0 0 0        0 0.151703        0  0.124579 -0.032478  0.043332        0 0.173348 0.054165 
LeftUpperArm 0 0 0           0 5.55112e-17    -0.32421        0 0.032417 -0.32419        0 -0.03782 -0.32419 
LeftForeArm 0 0 0      -2e-06 5.55112e-17   -0.265174    -0.02701 5.55112e-17   -0.264051    0.027009 5.55112e-17   -0.266256    -0.02701 -2.1684e-19    0.001082 
LeftHand 0 0 0           0 2.77556e-17   -0.198373   -0.043351 2.77556e-17   -0.113817 -0.021676 -0.010838 -0.037953 
RightUpperLeg 0 0 0   2.2e-05         0 -0.463628  0.001648 -0.077849 -0.033531 -0.007783 -0.044485 -0.463402 -0.007783  0.038925 -0.463402  0.038872         0 -0.461158 
RightLowerLeg 0 0 0  0.000137         0 -0.453193 -0.007715 -0.044513 -0.001136 -0.007715  0.038949 -0.001136   4.9e-05 -0.033385 -0.452692   4.9e-05  0.033385 -0.452692  0.064215         0 -0.034353 
RightFoot 0 0 0  0.153824         0 -0.069373 -0.043519         0 -0.084978  0.121861  0.037819 -0.085131  0.121861  -0.03992 -0.085131  0.143922         0 -0.085131         0         0 -0.086371  0.108204  0.010505 -0.022099 
RightToe 0 0 0 0.067658        0 -0.01614 -0.03396 0.038737 -0.01614  -0.03396 -0.040889  -0.01614 
LeftUpperLeg 0 0 0   2.2e-05         0 -0.463628  0.001648  0.077849 -0.033531 -0.007783  0.044485 -0.463402 -0.007783 -0.038925 -0.463402  0.038872         0 -0.461158 
LeftLowerLeg 0 0 0  0.000137         0 -0.453193 -0.007715  0.044513 -0.001136 -0.007715 -0.038949 -0.001136   4.9e-05  0.033385 -0.452692   4.9e-05 -0.033385 -0.452692  0.064215         0 -0.034353 
LeftFoot 0 0 0  0.153824         0 -0.069373 -0.043519         0 -0.084978  0.121861 -0.037819 -0.085131  0.121861   0.03992 -0.085131  0.143922         0 -0.085131         0         0 -0.086371  0.108204 -0.010505 -0.022099 
LeftToe 0 0 0 0.067658        0 -0.01614  -0.03396 -0.038737  -0.01614 -0.03396 0.040889 -0.01614 
