Pelvis -0.0582504 0.000500178 0.100657 0.831448 -0.0114145 -0.555213 0.0174362
L5 0 0 0 1 0 0 0
L3 0 0 0 1 0 0 0
T12 0 0 0 1 0 0 0
T8 0.150257 -0.000530864 0.083628 0.850868 0.0424705 0.521752 -0.0446869
Neck 0 0 0 1 0 0 0
Head -0.0738001 0.000150615 0.0817804 0.622293 0.651297 -0.198976 0.385969
RightShoulder -0.0215045 -0.0534154 -0.0643063 0.461771 0.261005 -0.211132 -0.821017
RightUpperArm -0.0174704 -2.77556e-17 0.0262835 0.7486 -0.0428312 -0.0556671 -0.65929
RightForeArm -0.00181002 -2.77556e-17 -0.00580442 0.747119 -0.16999 0.1511 -0.624568
RightHand 0.00954944 -1.38778e-17 0.0232706 0.749124 -0.17443 0.177524 -0.6139
LeftShoulder -0.0215317 0.0540859 -0.0644391 0.523826 0.0712117 -0.215968 -0.82091
LeftUpperArm -0.0171318 2.77556e-17 0.0299461 0.698548 0.0708165 0.0145269 0.711903
LeftForeArm 0.007787 2.77556e-17 -0.0250852 0.726856 0.151529 0.0552888 0.667579
LeftHand 0.0139356 1.38778e-17 0.0102236 0.744873 0.123055 0.0463043 0.654124
RightUpperLeg 0.0139651 -0.0467634 -0.278154 0.556503 0.45389 0.656381 -0.231199
RightLowerLeg 0.0343749 0.00761187 -0.147245 -0.643204 0.313266 -0.645754 -0.266746
RightFoot 0.089223 0.00227962 -0.0116705 0.928477 0.256656 0.259215 0.0697463
RightToe 0 0 0 1 0 0 0
LeftUpperLeg 0.0133728 0.0470794 -0.278201 -0.517949 0.518729 -0.520436 -0.437945
LeftLowerLeg 0.0341329 -0.00790296 -0.147272 0.603861 0.374118 0.620187 -0.332797
LeftFoot 0.0890942 -0.00859235 -0.00895588 0.178402 -0.229986 -0.162982 -0.942717
LeftToe 0 0 0 1 0 0 0
Pelvis 0 0 0 -3.1e-05        0 0.105586   1.5e-05 -0.085994  0.000152  1.5e-05 0.085994 0.000152 -0.021278 -0.053746  0.109141 -0.021278  0.053746  0.109141  0.072783 -0.128991  0.077933 0.072783 0.128991 0.077933  0.037646 -0.107492  0.157154 0.037646 0.107492 0.157154 -0.059034 -0.053746 -0.049082 -0.059034  0.053746 -0.049082 -0.072783         0  0.027956 -0.059034         0 -0.049082 
L5 0 0 0 5.6e-05       0 0.11622 -0.032148         0 -0.003283 
L3 0 0 0        0        0 0.105011 -0.032333         0 -0.000305 
T12 0 0 0        0        0 0.105011 -0.032333         0 -0.000305 
T8 0 0 0        0        0 0.147579         0 -0.032235   0.08238        0 0.032235  0.08238 -0.032215         0  0.147884   0.12886         0 -0.003526  0.12349        0 0.125334 -0.032215         0  0.094192 -0.032215         0 -0.000305 
Neck 0 0 0 0.000134        0 0.097765 -0.031494         0  -0.00739 -0.019674         0 -0.059991 
Head 0 0 0    7e-05        0 0.186664 -0.006684 -0.075059  0.075224 -0.006684  0.075059  0.075224 -0.064092         0  0.061716 
RightShoulder 0 0 0         0 -0.151703         0 0.124579 0.032478 0.043332         0 -0.173348  0.054165 
RightUpperArm 0 0 0            0 -5.55112e-17     -0.32421         0 -0.032417  -0.32419        0  0.03782 -0.32419 
RightForeArm 0 0 0       -2e-06 -5.55112e-17    -0.265174     -0.02701 -5.55112e-17    -0.264051     0.027009 -5.55112e-17    -0.266256   -0.02701 2.1684e-19   0.001082 
RightHand 0 0 0            0 -2.77556e-17    -0.198373    -0.043351 -2.77556e-17    -0.113817 -0.021676  0.010838 -0.037953 
LeftShoulder 0 0 0        0 0.151703        0  0.124579 -0.032478  0.043332        0 0.173348 0.054165 
LeftUpperArm 0 0 0           0 5.55112e-17    -0.32421        0 0.032417 -0.32419        0 -0.03782 -0.32419 
LeftForeArm 0 0 0      -2e-06 5.55112e-17   -0.265174    -0.02701 5.55112e-17   -0.264051    0.027009 5.55112e-17   -0.266256    -0.02701 -2.1684e-19    0.001082 
LeftHand 0 0 0           0 2.77556e-17   -0.198373   -0.043351 2.77556e-17   -0.113817 -0.021676 -0.010838 -0.037953 
RightUpperLeg 0 0 0   2.2e-05         0 -0.463628  0.001648 -0.077849 -0.033531 -0.007783 -0.044485 -0.463402 -0.007783  0.038925 -0.463402  0.038872         0 -0.461158 
RightLowerLeg 0 0 0  0.000137         0 -0.453193 -0.007715 -0.044513 -0.001136 -0.007715  0.038949 -0.001136   4.9e-05 -0.033385 -0.452692   4.9e-05  0.033385 -0.452692  0.064215         0 -0.034353 
RightFoot 0 0 0  0.153824         0 -0.069373 -0.043519         0 -0.084978  0.121861  0.037819 -0.085131  0.121861  -0.03992 -0.085131  0.143922         0 -0.085131         0         0 -0.086371  0.108204  0.010505 -0.022099 
RightToe 0 0 0 0.067658        0 -0.01614 -0.03396 0.038737 -0.01614  -0.03396 -0.040889  -0.01614 
LeftUpperLeg 0 0 0   2.2e-05         0 -0.463628  0.001648  0.077849 -0.033531 -0.007783  0.044485 -0.463402 -0.007783 -0.038925 -0.463402  0.038872         0 -0.461158 
LeftLowerLeg 0 0 0  0.000137         0 -0.453193 -0.007715  0.044513 -0.001136 -0.007715 -0.038949 -0.001136   4.9e-05  0.033385 -0.452692   4.9e-05 -0.033385 -0.452692  0.064215         0 -0.034353 
LeftFoot 0 0 0  0.153824         0 -0.069373 -0.043519         0 -0.084978  0.121861 -0.037819 -0.085131  0.121861   0.03992 -0.085131  0.143922         0 -0.085131         0         0 -0.086371  0.108204 -0.010505 -0.022099 
LeftToe 0 0 0 0.067658        0 -0.01614  -0.03396 -0.038737  -0.01614 -0.03396 0.040889 -0.01614 
