Pelvis -0.05744 -0.000653439 0.0936928 0.031268 0.605804 -0.0237019 -0.794646
L5 0 0 0 1 0 0 0
L3 0 0 0 1 0 0 0
T12 0 0 0 1 0 0 0
T8 0.14858 -0.00103372 0.0842836 0.101963 -0.537963 -0.0686671 -0.833957
Neck 0 0 0 1 0 0 0
Head -0.0713075 -0.00138179 0.0871876 0.912813 0.131407 0.355922 0.151072
RightShoulder -0.0201334 -0.0622357 -0.0673202 0.826025 0.274926 0.0732918 -0.486545
RightUpperArm -0.021586 -2.77556e-17 0.0214622 0.746703 -0.00458173 0.0262813 -0.664622
RightForeArm 0.00632202 -2.77556e-17 0.0114663 0.233398 -0.732053 0.606891 -0.203244
RightHand 0.00821092 -2.77556e-17 0.0188085 0.760773 -0.188151 0.159952 -0.600198
LeftShoulder -0.0233734 0.0537187 -0.0633078 0.723199 -0.368338 -0.0697308 0.58004
LeftUpperArm -0.0205579 2.77556e-17 0.0311587 0.668262 -0.308749 -0.324895 0.593754
LeftForeArm 0.00030788 2.77556e-17 -0.0220054 0.462071 0.579817 0.465993 0.482858
LeftHand 0.00811578 2.77556e-17 0.00621587 0.765912 0.195826 0.180734 0.585122
RightUpperLeg 0.0144027 -0.044986 -0.276499 0.512454 0.483984 0.56186 -0.432969
RightLowerLeg 0.0349052 0.00717224 -0.147935 -0.581268 0.352474 -0.69703 -0.228115
RightFoot 0.0849575 0.000254899 -0.00180526 -0.929791 -0.258744 -0.246958 -0.0869016
RightToe 0 0 0 1 0 0 0
LeftUpperLeg 0.0114244 0.0484009 -0.29404 -0.454259 0.523205 -0.540102 -0.477698
LeftLowerLeg 0.0340856 -0.0089009 -0.147557 0.52827 0.398952 0.689443 -0.294001
LeftFoot 0.0845342 -0.00330411 -0.0170298 0.205419 -0.227374 -0.164801 -0.937521
LeftToe 0 0 0 1 0 0 0
Pelvis 0 0 0 -3.1e-05        0  0.10558   1.6e-05 -0.085993  0.000154  1.6e-05 0.085993 0.000154 -0.021278 -0.053745   0.10914 -0.021278  0.053745   0.10914  0.072782 -0.128989  0.077932 0.072782 0.128989 0.077932  0.037646 -0.107491  0.157151 0.037646 0.107491 0.157151 -0.059033 -0.053745 -0.049081 -0.059033  0.053745 -0.049081 -0.072782         0  0.027956 -0.059033         0 -0.049081 
L5 0 0 0  5.7e-05        0 0.116208 -0.032147         0 -0.003287 
L3 0 0 0     0     0 0.105 -0.032332         0 -0.000309 
T12 0 0 0     0     0 0.105 -0.032332         0 -0.000309 
T8 0 0 0        0        0 0.147636         0 -0.032295  0.082412        0 0.032295 0.082412 -0.032229         0  0.147945  0.128917         0 -0.003532 0.123545        0 0.125385 -0.032229         0   0.09423 -0.032229         0 -0.000309 
Neck 0 0 0 0.000136        0 0.097755 -0.031493         0 -0.007394 -0.019672         0 -0.059995 
Head 0 0 0 7.1e-05       0 0.18664 -0.006682 -0.075053  0.075213 -0.006682  0.075053  0.075213 -0.064085         0  0.061706 
RightShoulder 0 0 0         0 -0.151955         0 0.124756 0.032479 0.043393         0 -0.173694  0.054242 
RightUpperArm 0 0 0            0 -5.55112e-17    -0.324068         0 -0.032404 -0.324056         0  0.037805 -0.324056 
RightForeArm 0 0 0       -1e-06 -5.55112e-17    -0.265075    -0.027002 -5.55112e-17    -0.263961     0.027001 -5.55112e-17    -0.266166  -0.027002 2.1684e-19    0.00109 
RightHand 0 0 0            0 -5.55112e-17    -0.198312    -0.043342 -2.77556e-17    -0.113784 -0.021671  0.010835 -0.037936 
LeftShoulder 0 0 0        0 0.151955        0  0.124756 -0.032479  0.043393        0 0.173694 0.054242 
LeftUpperArm 0 0 0           0 5.55112e-17   -0.324068         0  0.032404 -0.324056         0 -0.037805 -0.324056 
LeftForeArm 0 0 0      -1e-06 5.55112e-17   -0.265075   -0.027002 5.55112e-17   -0.263961    0.027001 5.55112e-17   -0.266166   -0.027002 -2.1684e-19     0.00109 
LeftHand 0 0 0           0 5.55112e-17   -0.198312   -0.043342 2.77556e-17   -0.113784 -0.021671 -0.010835 -0.037936 
RightUpperLeg 0 0 0   1.9e-05         0 -0.462187  0.001643 -0.077616 -0.033474  -0.00776 -0.044352  -0.46201 -0.00776 0.038808 -0.46201  0.038756         0 -0.459773 
RightLowerLeg 0 0 0  0.000133         0 -0.454656 -0.007743 -0.044648 -0.001183 -0.007743  0.039067 -0.001183   4.5e-05 -0.033486 -0.454109   4.5e-05  0.033486 -0.454109  0.064406         0 -0.034501 
RightFoot 0 0 0  0.153826         0 -0.069379 -0.043518         0 -0.084982  0.121864   0.03782 -0.085137  0.121864 -0.039921 -0.085137  0.143926         0 -0.085137         0         0 -0.086384  0.108207  0.010506 -0.022104 
RightToe 0 0 0  0.067658         0 -0.016141 -0.033964  0.038739 -0.016141 -0.033964 -0.040891 -0.016141 
LeftUpperLeg 0 0 0   1.9e-05         0 -0.462187  0.001643  0.077616 -0.033474 -0.00776 0.044352 -0.46201  -0.00776 -0.038808  -0.46201  0.038756         0 -0.459773 
LeftLowerLeg 0 0 0  0.000133         0 -0.454656 -0.007743  0.044648 -0.001183 -0.007743 -0.039067 -0.001183   4.5e-05  0.033486 -0.454109   4.5e-05 -0.033486 -0.454109  0.064406         0 -0.034501 
LeftFoot 0 0 0  0.153826         0 -0.069379 -0.043518         0 -0.084982  0.121864  -0.03782 -0.085137  0.121864  0.039921 -0.085137  0.143926         0 -0.085137         0         0 -0.086384  0.108207 -0.010506 -0.022104 
LeftToe 0 0 0  0.067658         0 -0.016141 -0.033964 -0.038739 -0.016141 -0.033964  0.040891 -0.016141 
