Pelvis -0.0613101 -0.00204705 0.0918014 0.027904 0.603428 -0.0258485 -0.79651
L5 0 0 0 1 0 0 0
L3 0 0 0 1 0 0 0
T12 0 0 0 1 0 0 0
T8 0.149591 -0.000197481 0.0846597 0.101945 -0.538004 -0.0686726 -0.833932
Neck 0 0 0 1 0 0 0
Head -0.0759405 -0.000565442 0.0826097 0.912859 0.131386 0.355822 0.151056
RightShoulder -0.0282576 -0.0405502 -0.0664567 0.826021 0.274926 0.0732907 -0.486552
RightUpperArm -0.0418833 -2.77556e-17 0.0210161 0.746706 -0.00459415 0.0262762 -0.664619
RightForeArm -0.0588375 -2.77556e-17 0.0213897 0.233377 -0.732059 0.606888 -0.203251
RightHand -0.028485 -2.77556e-17 0.0318646 0.760772 -0.188151 0.15995 -0.600201
LeftShoulder -0.024269 0.0612102 -0.0636178 0.72321 -0.368334 -0.0697096 0.580033
LeftUpperArm -0.0333068 2.77556e-17 0.00521166 0.668311 -0.308702 -0.324817 0.593766
LeftForeArm -0.0482969 2.77556e-17 0.0874027 0.462059 0.579902 0.465986 0.482775
LeftHand 0.110891 2.77556e-17 -0.0498205 0.76592 0.195823 0.18074 0.58511
RightUpperLeg 0.0139376 -0.0441034 -0.277153 -0.510899 -0.481621 -0.566627 0.43123
RightLowerLeg 0.0364177 0.00464894 -0.152313 0.579144 -0.349975 0.699861 0.228703
RightFoot 0.0885013 0.0022316 -0.0095668 0.9294 0.258721 0.247294 0.0901363
RightToe 0 0 0 1 0 0 0
LeftUpperLeg 0.0117472 0.0448063 -0.27943 0.448391 -0.533435 0.532336 0.480635
LeftLowerLeg 0.0351122 -0.00692372 -0.162966 -0.529701 -0.404481 -0.684156 0.296214
LeftFoot 0.0870272 -0.00718726 -0.0116184 -0.211452 0.225222 0.166901 0.936326
LeftToe 0 0 0 1 0 0 0
Pelvis 0 0 0 -3.1e-05        0  0.10558   1.6e-05 -0.085993  0.000154  1.6e-05 0.085993 0.000154 -0.021278 -0.053745   0.10914 -0.021278  0.053745   0.10914  0.072782 -0.128989  0.077932 0.072782 0.128989 0.077932  0.037646 -0.107491  0.157151 0.037646 0.107491 0.157151 -0.059033 -0.053745 -0.049081 -0.059033  0.053745 -0.049081 -0.072782         0  0.027956 -0.059033         0 -0.049081 
L5 0 0 0  5.7e-05        0 0.116208 -0.032147         0 -0.003287 
L3 0 0 0     0     0 0.105 -0.032332         0 -0.000309 
T12 0 0 0     0     0 0.105 -0.032332         0 -0.000309 
T8 0 0 0        0        0 0.147636         0 -0.032295  0.082412        0 0.032295 0.082412 -0.032229         0  0.147945  0.128917         0 -0.003532 0.123545        0 0.125385 -0.032229         0   0.09423 -0.032229         0 -0.000309 
Neck 0 0 0 0.000136        0 0.097755 -0.031493         0 -0.007394 -0.019672         0 -0.059995 
Head 0 0 0 7.1e-05       0 0.18664 -0.006682 -0.075053  0.075213 -0.006682  0.075053  0.075213 -0.064085         0  0.061706 
RightShoulder 0 0 0         0 -0.151955         0 0.124756 0.032479 0.043393         0 -0.173694  0.054242 
RightUpperArm 0 0 0            0 -5.55112e-17    -0.324068         0 -0.032404 -0.324056         0  0.037805 -0.324056 
RightForeArm 0 0 0       -1e-06 -5.55112e-17    -0.265075    -0.027002 -5.55112e-17    -0.263961     0.027001 -5.55112e-17    -0.266166  -0.027002 2.1684e-19    0.00109 
RightHand 0 0 0            0 -5.55112e-17    -0.198312    -0.043342 -2.77556e-17    -0.113784 -0.021671  0.010835 -0.037936 
LeftShoulder 0 0 0        0 0.151955        0  0.124756 -0.032479  0.043393        0 0.173694 0.054242 
LeftUpperArm 0 0 0           0 5.55112e-17   -0.324068         0  0.032404 -0.324056         0 -0.037805 -0.324056 
LeftForeArm 0 0 0      -1e-06 5.55112e-17   -0.265075   -0.027002 5.55112e-17   -0.263961    0.027001 5.55112e-17   -0.266166   -0.027002 -2.1684e-19     0.00109 
LeftHand 0 0 0           0 5.55112e-17   -0.198312   -0.043342 2.77556e-17   -0.113784 -0.021671 -0.010835 -0.037936 
RightUpperLeg 0 0 0   1.9e-05         0 -0.462187  0.001643 -0.077616 -0.033474  -0.00776 -0.044352  -0.46201 -0.00776 0.038808 -0.46201  0.038756         0 -0.459773 
RightLowerLeg 0 0 0  0.000133         0 -0.454656 -0.007743 -0.044648 -0.001183 -0.007743  0.039067 -0.001183   4.5e-05 -0.033486 -0.454109   4.5e-05  0.033486 -0.454109  0.064406         0 -0.034501 
RightFoot 0 0 0  0.153826         0 -0.069379 -0.043518         0 -0.084982  0.121864   0.03782 -0.085137  0.121864 -0.039921 -0.085137  0.143926         0 -0.085137         0         0 -0.086384  0.108207  0.010506 -0.022104 
RightToe 0 0 0  0.067658         0 -0.016141 -0.033964  0.038739 -0.016141 -0.033964 -0.040891 -0.016141 
LeftUpperLeg 0 0 0   1.9e-05         0 -0.462187  0.001643  0.077616 -0.033474 -0.00776 0.044352 -0.46201  -0.00776 -0.038808  -0.46201  0.038756         0 -0.459773 
LeftLowerLeg 0 0 0  0.000133         0 -0.454656 -0.007743  0.044648 -0.001183 -0.007743 -0.039067 -0.001183   4.5e-05  0.033486 -0.454109   4.5e-05 -0.033486 -0.454109  0.064406         0 -0.034501 
LeftFoot 0 0 0  0.153826         0 -0.069379 -0.043518         0 -0.084982  0.121864  -0.03782 -0.085137  0.121864  0.039921 -0.085137  0.143926         0 -0.085137         0         0 -0.086384  0.108207 -0.010506 -0.022104 
LeftToe 0 0 0  0.067658         0 -0.016141 -0.033964 -0.038739 -0.016141 -0.033964  0.040891 -0.016141 
