Pelvis -0.0604523 -0.000700737 0.1027 0.832339 -0.0117321 -0.553954 0.0144545
L5 0 0 0 1 0 0 0
L3 0 0 0 1 0 0 0
T12 0 0 0 1 0 0 0
T8 0.150375 0.00102899 0.0846107 0.850838 0.0424738 0.521796 -0.0447156
Neck 0 0 0 1 0 0 0
Head -0.0750565 -0.000400129 0.0813616 0.622338 0.651307 -0.198988 0.385872
RightShoulder -0.0217808 -0.0540259 -0.064401 0.461756 0.260966 -0.21112 -0.82104
RightUpperArm -0.0154042 -2.77556e-17 -0.000296801 0.748586 -0.0428441 -0.0556852 -0.659305
RightForeArm -0.0276951 -2.77556e-17 -0.00416148 0.747092 -0.169989 0.151087 -0.624604
RightHand -0.000342113 -1.38778e-17 0.0279762 0.749118 -0.174431 0.177522 -0.613907
LeftShoulder -0.0210175 0.054504 -0.0646543 0.523839 0.0711607 -0.215964 -0.820906
LeftUpperArm -0.012382 2.77556e-17 0.0122761 0.698536 0.0707989 0.0145389 0.711916
LeftForeArm -0.0200382 2.77556e-17 -0.00159181 0.72685 0.151509 0.0553004 0.66759
LeftHand -0.000493238 1.38778e-17 0.0272904 0.744873 0.12305 0.0463048 0.654125
RightUpperLeg 0.0145337 -0.0494966 -0.276917 0.54967 0.461276 0.656886 -0.231492
RightLowerLeg 0.0342896 0.00786814 -0.147302 -0.642288 0.310748 -0.64507 -0.273471
RightFoot 0.0894492 0.000976376 -0.0115772 0.928466 0.260995 0.256547 0.0633615
RightToe 0 0 0 1 0 0 0
LeftUpperLeg 0.0138132 0.0468202 -0.278076 -0.518793 0.520054 -0.52585 -0.428811
LeftLowerLeg 0.0343645 -0.00762105 -0.14735 0.608932 0.367936 0.617946 -0.334614
LeftFoot 0.0866348 -0.0147586 -0.0100152 0.121395 -0.236976 -0.151346 -0.951946
LeftToe 0 0 0 1 0 0 0
Pelvis 0 0 0 -3.1e-05        0 0.105586   1.5e-05 -0.085994  0.000152  1.5e-05 0.085994 0.000152 -0.021278 -0.053746  0.109141 -0.021278  0.053746  0.109141  0.072783 -0.128991  0.077933 0.072783 0.128991 0.077933  0.037646 -0.107492  0.157154 0.037646 0.107492 0.157154 -0.059034 -0.053746 -0.049082 -0.059034  0.053746 -0.049082 -0.072783         0  0.027956 -0.059034         0 -0.049082 
L5 0 0 0 5.6e-05       0 0.11622 -0.032148         0 -0.003283 
L3 0 0 0        0        0 0.105011 -0.032333         0 -0.000305 
T12 0 0 0        0        0 0.105011 -0.032333         0 -0.000305 
T8 0 0 0        0        0 0.147579         0 -0.032235   0.08238        0 0.032235  0.08238 -0.032215         0  0.147884   0.12886         0 -0.003526  0.12349        0 0.125334 -0.032215         0  0.094192 -0.032215         0 -0.000305 
Neck 0 0 0 0.000134        0 0.097765 -0.031494         0  -0.00739 -0.019674         0 -0.059991 
Head 0 0 0    7e-05        0 0.186664 -0.006684 -0.075059  0.075224 -0.006684  0.075059  0.075224 -0.064092         0  0.061716 
RightShoulder 0 0 0         0 -0.151703         0 0.124579 0.032478 0.043332         0 -0.173348  0.054165 
RightUpperArm 0 0 0            0 -5.55112e-17     -0.32421         0 -0.032417  -0.32419        0  0.03782 -0.32419 
RightForeArm 0 0 0       -2e-06 -5.55112e-17    -0.265174     -0.02701 -5.55112e-17    -0.264051     0.027009 -5.55112e-17    -0.266256   -0.02701 2.1684e-19   0.001082 
RightHand 0 0 0            0 -2.77556e-17    -0.198373    -0.043351 -2.77556e-17    -0.113817 -0.021676  0.010838 -0.037953 
LeftShoulder 0 0 0        0 0.151703        0  0.124579 -0.032478  0.043332        0 0.173348 0.054165 
LeftUpperArm 0 0 0           0 5.55112e-17    -0.32421        0 0.032417 -0.32419        0 -0.03782 -0.32419 
LeftForeArm 0 0 0      -2e-06 5.55112e-17   -0.265174    -0.02701 5.55112e-17   -0.264051    0.027009 5.55112e-17   -0.266256    -0.02701 -2.1684e-19    0.001082 
LeftHand 0 0 0           0 2.77556e-17   -0.198373   -0.043351 2.77556e-17   -0.113817 -0.021676 -0.010838 -0.037953 
RightUpperLeg 0 0 0   2.2e-05         0 -0.463628  0.001648 -0.077849 -0.033531 -0.007783 -0.044485 -0.463402 -0.007783  0.038925 -0.463402  0.038872         0 -0.461158 
RightLowerLeg 0 0 0  0.000137         0 -0.453193 -0.007715 -0.044513 -0.001136 -0.007715  0.038949 -0.001136   4.9e-05 -0.033385 -0.452692   4.9e-05  0.033385 -0.452692  0.064215         0 -0.034353 
RightFoot 0 0 0  0.153824         0 -0.069373 -0.043519         0 -0.084978  0.121861  0.037819 -0.085131  0.121861  -0.03992 -0.085131  0.143922         0 -0.085131         0         0 -0.086371  0.108204  0.010505 -0.022099 
RightToe 0 0 0 0.067658        0 -0.01614 -0.03396 0.038737 -0.01614  -0.03396 -0.040889  -0.01614 
LeftUpperLeg 0 0 0   2.2e-05         0 -0.463628  0.001648  0.077849 -0.033531 -0.007783  0.044485 -0.463402 -0.007783 -0.038925 -0.463402  0.038872         0 -0.461158 
LeftLowerLeg 0 0 0  0.000137         0 -0.453193 -0.007715  0.044513 -0.001136 -0.007715 -0.038949 -0.001136   4.9e-05  0.033385 -0.452692   4.9e-05 -0.033385 -0.452692  0.064215         0 -0.034353 
LeftFoot 0 0 0  0.153824         0 -0.069373 -0.043519         0 -0.084978  0.121861 -0.037819 -0.085131  0.121861   0.03992 -0.085131  0.143922         0 -0.085131         0         0 -0.086371  0.108204 -0.010505 -0.022099 
LeftToe 0 0 0 0.067658        0 -0.01614  -0.03396 -0.038737  -0.01614 -0.03396 0.040889 -0.01614 
