Pelvis -0.0547224 -0.00553783 0.101166 0.831371 -0.0114282 -0.555338 0.0170382
L5 0 0 0 1 0 0 0
L3 0 0 0 1 0 0 0
T12 0 0 0 1 0 0 0
T8 0.150329 -0.000188443 0.0833445 0.850863 0.0424642 0.521759 -0.0446797
Neck 0 0 0 1 0 0 0
Head -0.0745987 -0.00063651 0.0808319 0.622292 0.651294 -0.198974 0.385977
RightShoulder -0.0217107 -0.0539481 -0.0643223 0.461777 0.261001 -0.211125 -0.821016
RightUpperArm -0.0104112 -2.77556e-17 -0.00169703 0.7486 -0.0428356 -0.0556636 -0.65929
RightForeArm -0.0364337 -2.77556e-17 0.0133604 0.747117 -0.169995 0.151102 -0.624568
RightHand 0.00324381 -1.38778e-17 0.0263227 0.749124 -0.174432 0.177524 -0.6139
LeftShoulder -0.0181537 0.0570742 -0.065916 0.523832 0.0712081 -0.215952 -0.820911
LeftUpperArm -0.0225602 2.77556e-17 0.0153415 0.698541 0.0708149 0.0145248 0.711909
LeftForeArm -0.0070773 2.77556e-17 0.0514729 0.726849 0.151527 0.0552906 0.667587
LeftHand 0.00271168 1.38778e-17 0.0288484 0.744872 0.123054 0.0463053 0.654125
RightUpperLeg 0.012879 -0.0475968 -0.277897 0.55568 0.457905 0.650853 -0.240693
RightLowerLeg 0.0343405 0.00776445 -0.147202 -0.64127 0.316365 -0.644495 -0.270763
RightFoot 0.0894148 0.000898725 -0.0115378 0.929219 0.260162 0.256297 0.0563961
RightToe 0 0 0 1 0 0 0
LeftUpperLeg 0.0136538 0.0468706 -0.27745 -0.52091 0.516189 -0.523457 -0.433813
LeftLowerLeg 0.0342331 -0.00759449 -0.147159 0.605648 0.372257 0.62065 -0.330772
LeftFoot 0.0875667 -0.0154882 -0.00965482 0.119682 -0.237571 -0.149008 -0.952383
LeftToe 0 0 0 1 0 0 0
Pelvis 0 0 0 -3.1e-05        0 0.105586   1.5e-05 -0.085994  0.000152  1.5e-05 0.085994 0.000152 -0.021278 -0.053746  0.109141 -0.021278  0.053746  0.109141  0.072783 -0.128991  0.077933 0.072783 0.128991 0.077933  0.037646 -0.107492  0.157154 0.037646 0.107492 0.157154 -0.059034 -0.053746 -0.049082 -0.059034  0.053746 -0.049082 -0.072783         0  0.027956 -0.059034         0 -0.049082 
L5 0 0 0 5.6e-05       0 0.11622 -0.032148         0 -0.003283 
L3 0 0 0        0        0 0.105011 -0.032333         0 -0.000305 
T12 0 0 0        0        0 0.105011 -0.032333         0 -0.000305 
T8 0 0 0        0        0 0.147579         0 -0.032235   0.08238        0 0.032235  0.08238 -0.032215         0  0.147884   0.12886         0 -0.003526  0.12349        0 0.125334 -0.032215         0  0.094192 -0.032215         0 -0.000305 
Neck 0 0 0 0.000134        0 0.097765 -0.031494         0  -0.00739 -0.019674         0 -0.059991 
Head 0 0 0    7e-05        0 0.186664 -0.006684 -0.075059  0.075224 -0.006684  0.075059  0.075224 -0.064092         0  0.061716 
RightShoulder 0 0 0         0 -0.151703         0 0.124579 0.032478 0.043332         0 -0.173348  0.054165 
RightUpperArm 0 0 0            0 -5.55112e-17     -0.32421         0 -0.032417  -0.32419        0  0.03782 -0.32419 
RightForeArm 0 0 0       -2e-06 -5.55112e-17    -0.265174     -0.02701 -5.55112e-17    -0.264051     0.027009 -5.55112e-17    -0.266256   -0.02701 2.1684e-19   0.001082 
RightHand 0 0 0            0 -2.77556e-17    -0.198373    -0.043351 -2.77556e-17    -0.113817 -0.021676  0.010838 -0.037953 
LeftShoulder 0 0 0        0 0.151703        0  0.124579 -0.032478  0.043332        0 0.173348 0.054165 
LeftUpperArm 0 0 0           0 5.55112e-17    -0.32421        0 0.032417 -0.32419        0 -0.03782 -0.32419 
LeftForeArm 0 0 0      -2e-06 5.55112e-17   -0.265174    -0.02701 5.55112e-17   -0.264051    0.027009 5.55112e-17   -0.266256    -0.02701 -2.1684e-19    0.001082 
LeftHand 0 0 0           0 2.77556e-17   -0.198373   -0.043351 2.77556e-17   -0.113817 -0.021676 -0.010838 -0.037953 
RightUpperLeg 0 0 0   2.2e-05         0 -0.463628  0.001648 -0.077849 -0.033531 -0.007783 -0.044485 -0.463402 -0.007783  0.038925 -0.463402  0.038872         0 -0.461158 
RightLowerLeg 0 0 0  0.000137         0 -0.453193 -0.007715 -0.044513 -0.001136 -0.007715  0.038949 -0.001136   4.9e-05 -0.033385 -0.452692   4.9e-05  0.033385 -0.452692  0.064215         0 -0.034353 
RightFoot 0 0 0  0.153824         0 -0.069373 -0.043519         0 -0.084978  0.121861  0.037819 -0.085131  0.121861  -0.03992 -0.085131  0.143922         0 -0.085131         0         0 -0.086371  0.108204  0.010505 -0.022099 
RightToe 0 0 0 0.067658        0 -0.01614 -0.03396 0.038737 -0.01614  -0.03396 -0.040889  -0.01614 
LeftUpperLeg 0 0 0   2.2e-05         0 -0.463628  0.001648  0.077849 -0.033531 -0.007783  0.044485 -0.463402 -0.007783 -0.038925 -0.463402  0.038872         0 -0.461158 
LeftLowerLeg 0 0 0  0.000137         0 -0.453193 -0.007715  0.044513 -0.001136 -0.007715 -0.038949 -0.001136   4.9e-05  0.033385 -0.452692   4.9e-05 -0.033385 -0.452692  0.064215         0 -0.034353 
LeftFoot 0 0 0  0.153824         0 -0.069373 -0.043519         0 -0.084978  0.121861 -0.037819 -0.085131  0.121861   0.03992 -0.085131  0.143922         0 -0.085131         0         0 -0.086371  0.108204 -0.010505 -0.022099 
LeftToe 0 0 0 0.067658        0 -0.01614  -0.03396 -0.038737  -0.01614 -0.03396 0.040889 -0.01614 
