Pelvis -0.0590971 -0.000486628 0.102931 0.831601 -0.0113738 -0.554976 0.017734
L5 0 0 0 1 0 0 0
L3 0 0 0 1 0 0 0
T12 0 0 0 1 0 0 0
T8 0.1505 -0.000682328 0.0830431 0.850863 0.0424691 0.521755 -0.0447068
Neck 0 0 0 1 0 0 0
Head -0.0738724 -5.81084e-05 0.0823413 0.62226 0.651313 -0.198823 0.386075
RightShoulder -0.0217156 -0.0541667 -0.0643243 0.461758 0.260987 -0.211148 -0.821026
RightUpperArm -0.00995321 -2.77556e-17 0.00616924 0.748611 -0.0428294 -0.0556746 -0.659277
RightForeArm -0.0428298 -2.77556e-17 0.00167927 0.747127 -0.169996 0.15108 -0.624561
RightHand -0.00130351 -1.38778e-17 0.0154344 0.749126 -0.174432 0.177518 -0.613898
LeftShoulder -0.0221734 0.0534929 -0.0644404 0.523794 0.0711975 -0.215974 -0.82093
LeftUpperArm -0.0190475 2.77556e-17 0.0243325 0.698545 0.0708329 0.0145558 0.711902
LeftForeArm -0.0156286 2.77556e-17 -0.0122321 0.726831 0.151553 0.0553116 0.667599
LeftHand 0.0102811 1.38778e-17 0.014336 0.744868 0.123061 0.0463082 0.654127
RightUpperLeg 0.0134692 -0.0467005 -0.278289 0.556513 0.455803 0.653502 -0.235524
RightLowerLeg 0.0342864 0.00788978 -0.14728 -0.641731 0.316503 -0.645669 -0.266682
RightFoot 0.0893669 0.00140128 -0.0116565 0.929159 0.258749 0.257042 0.060344
RightToe 0 0 0 1 0 0 0
LeftUpperLeg 0.0138721 0.0468123 -0.278135 -0.522111 0.514393 -0.522094 -0.436141
LeftLowerLeg 0.0343259 -0.00768926 -0.14729 0.60439 0.374208 0.621575 -0.32913
LeftFoot 0.0857182 -0.0175702 -0.0110663 0.117987 -0.238206 -0.14854 -0.952509
LeftToe 0 0 0 1 0 0 0
Pelvis 0 0 0 -3.1e-05        0 0.105586   1.5e-05 -0.085994  0.000152  1.5e-05 0.085994 0.000152 -0.021278 -0.053746  0.109141 -0.021278  0.053746  0.109141  0.072783 -0.128991  0.077933 0.072783 0.128991 0.077933  0.037646 -0.107492  0.157154 0.037646 0.107492 0.157154 -0.059034 -0.053746 -0.049082 -0.059034  0.053746 -0.049082 -0.072783         0  0.027956 -0.059034         0 -0.049082 
L5 0 0 0 5.6e-05       0 0.11622 -0.032148         0 -0.003283 
L3 0 0 0        0        0 0.105011 -0.032333         0 -0.000305 
T12 0 0 0        0        0 0.105011 -0.032333         0 -0.000305 
T8 0 0 0        0        0 0.147579         0 -0.032235   0.08238        0 0.032235  0.08238 -0.032215         0  0.147884   0.12886         0 -0.003526  0.12349        0 0.125334 -0.032215         0  0.094192 -0.032215         0 -0.000305 
Neck 0 0 0 0.000134        0 0.097765 -0.031494         0  -0.00739 -0.019674         0 -0.059991 
Head 0 0 0    7e-05        0 0.186664 -0.006684 -0.075059  0.075224 -0.006684  0.075059  0.075224 -0.064092         0  0.061716 
RightShoulder 0 0 0         0 -0.151703         0 0.124579 0.032478 0.043332         0 -0.173348  0.054165 
RightUpperArm 0 0 0            0 -5.55112e-17     -0.32421         0 -0.032417  -0.32419        0  0.03782 -0.32419 
RightForeArm 0 0 0       -2e-06 -5.55112e-17    -0.265174     -0.02701 -5.55112e-17    -0.264051     0.027009 -5.55112e-17    -0.266256   -0.02701 2.1684e-19   0.001082 
RightHand 0 0 0            0 -2.77556e-17    -0.198373    -0.043351 -2.77556e-17    -0.113817 -0.021676  0.010838 -0.037953 
LeftShoulder 0 0 0        0 0.151703        0  0.124579 -0.032478  0.043332        0 0.173348 0.054165 
LeftUpperArm 0 0 0           0 5.55112e-17    -0.32421        0 0.032417 -0.32419        0 -0.03782 -0.32419 
LeftForeArm 0 0 0      -2e-06 5.55112e-17   -0.265174    -0.02701 5.55112e-17   -0.264051    0.027009 5.55112e-17   -0.266256    -0.02701 -2.1684e-19    0.001082 
LeftHand 0 0 0           0 2.77556e-17   -0.198373   -0.043351 2.77556e-17   -0.113817 -0.021676 -0.010838 -0.037953 
RightUpperLeg 0 0 0   2.2e-05         0 -0.463628  0.001648 -0.077849 -0.033531 -0.007783 -0.044485 -0.463402 -0.007783  0.038925 -0.463402  0.038872         0 -0.461158 
RightLowerLeg 0 0 0  0.000137         0 -0.453193 -0.007715 -0.044513 -0.001136 -0.007715  0.038949 -0.001136   4.9e-05 -0.033385 -0.452692   4.9e-05  0.033385 -0.452692  0.064215         0 -0.034353 
RightFoot 0 0 0  0.153824         0 -0.069373 -0.043519         0 -0.084978  0.121861  0.037819 -0.085131  0.121861  -0.03992 -0.085131  0.143922         0 -0.085131         0         0 -0.086371  0.108204  0.010505 -0.022099 
RightToe 0 0 0 0.067658        0 -0.01614 -0.03396 0.038737 -0.01614  -0.03396 -0.040889  -0.01614 
LeftUpperLeg 0 0 0   2.2e-05         0 -0.463628  0.001648  0.077849 -0.033531 -0.007783  0.044485 -0.463402 -0.007783 -0.038925 -0.463402  0.038872         0 -0.461158 
LeftLowerLeg 0 0 0  0.000137         0 -0.453193 -0.007715  0.044513 -0.001136 -0.007715 -0.038949 -0.001136   4.9e-05  0.033385 -0.452692   4.9e-05 -0.033385 -0.452692  0.064215         0 -0.034353 
LeftFoot 0 0 0  0.153824         0 -0.069373 -0.043519         0 -0.084978  0.121861 -0.037819 -0.085131  0.121861   0.03992 -0.085131  0.143922         0 -0.085131         0         0 -0.086371  0.108204 -0.010505 -0.022099 
LeftToe 0 0 0 0.067658        0 -0.01614  -0.03396 -0.038737  -0.01614 -0.03396 0.040889 -0.01614 
