Pelvis -0.0569867 0.00529937 0.0999283 0.0230401 0.602326 -0.0281041 -0.797422
L5 0 0 0 1 0 0 0
L3 0 0 0 1 0 0 0
T12 0 0 0 1 0 0 0
T8 0.150812 0.00111332 0.0835257 0.101933 -0.537965 -0.0686499 -0.83396
Neck 0 0 0 1 0 0 0
Head -0.0738624 0.000800436 0.082756 0.912783 0.131291 0.356 0.151168
RightShoulder -0.025904 -0.0573985 -0.0625264 0.82602 0.274926 0.0732539 -0.48656
RightUpperArm 0.000690529 -2.77556e-17 0.0198984 0.746716 -0.00458125 0.0262803 -0.664608
RightForeArm -0.0485754 -2.77556e-17 0.00840929 0.233397 -0.732064 0.606873 -0.203259
RightHand -0.00216093 -2.77556e-17 0.0106979 0.760776 -0.188155 0.159944 -0.600197
LeftShoulder -0.0231665 0.0527919 -0.0652345 0.723222 -0.368346 -0.0697121 0.580009
LeftUpperArm -0.0327965 2.77556e-17 0.00658631 0.66826 -0.308746 -0.324888 0.593762
LeftForeArm -0.0297305 2.77556e-17 0.0054279 0.462033 0.579822 0.46602 0.482864
LeftHand 0.00567336 2.77556e-17 0.0118238 0.765906 0.195832 0.180738 0.585125
RightUpperLeg 0.0144569 -0.042059 -0.278076 0.507037 0.488725 0.564329 -0.430809
RightLowerLeg 0.0377892 0.0064895 -0.142125 -0.580424 0.352077 -0.697317 -0.229998
RightFoot 0.0917801 0.0033992 -0.0154219 -0.927721 -0.262063 -0.249185 -0.0925292
RightToe 0 0 0 1 0 0 0
LeftUpperLeg 0.019573 0.0436715 -0.267794 -0.450281 0.52844 -0.540192 -0.475594
LeftLowerLeg 0.0340813 -0.00723482 -0.150319 0.529876 0.399682 0.687374 -0.294961
LeftFoot 0.0879964 0.00151395 -0.00491185 0.195454 -0.229405 -0.16765 -0.93865
LeftToe 0 0 0 1 0 0 0
Pelvis 0 0 0 -3.1e-05        0  0.10558   1.6e-05 -0.085993  0.000154  1.6e-05 0.085993 0.000154 -0.021278 -0.053745   0.10914 -0.021278  0.053745   0.10914  0.072782 -0.128989  0.077932 0.072782 0.128989 0.077932  0.037646 -0.107491  0.157151 0.037646 0.107491 0.157151 -0.059033 -0.053745 -0.049081 -0.059033  0.053745 -0.049081 -0.072782         0  0.027956 -0.059033         0 -0.049081 
L5 0 0 0  5.7e-05        0 0.116208 -0.032147         0 -0.003287 
L3 0 0 0     0     0 0.105 -0.032332         0 -0.000309 
T12 0 0 0     0     0 0.105 -0.032332         0 -0.000309 
T8 0 0 0        0        0 0.147636         0 -0.032295  0.082412        0 0.032295 0.082412 -0.032229         0  0.147945  0.128917         0 -0.003532 0.123545        0 0.125385 -0.032229         0   0.09423 -0.032229         0 -0.000309 
Neck 0 0 0 0.000136        0 0.097755 -0.031493         0 -0.007394 -0.019672         0 -0.059995 
Head 0 0 0 7.1e-05       0 0.18664 -0.006682 -0.075053  0.075213 -0.006682  0.075053  0.075213 -0.064085         0  0.061706 
RightShoulder 0 0 0         0 -0.151955         0 0.124756 0.032479 0.043393         0 -0.173694  0.054242 
RightUpperArm 0 0 0            0 -5.55112e-17    -0.324068         0 -0.032404 -0.324056         0  0.037805 -0.324056 
RightForeArm 0 0 0       -1e-06 -5.55112e-17    -0.265075    -0.027002 -5.55112e-17    -0.263961     0.027001 -5.55112e-17    -0.266166  -0.027002 2.1684e-19    0.00109 
RightHand 0 0 0            0 -5.55112e-17    -0.198312    -0.043342 -2.77556e-17    -0.113784 -0.021671  0.010835 -0.037936 
LeftShoulder 0 0 0        0 0.151955        0  0.124756 -0.032479  0.043393        0 0.173694 0.054242 
LeftUpperArm 0 0 0           0 5.55112e-17   -0.324068         0  0.032404 -0.324056         0 -0.037805 -0.324056 
LeftForeArm 0 0 0      -1e-06 5.55112e-17   -0.265075   -0.027002 5.55112e-17   -0.263961    0.027001 5.55112e-17   -0.266166   -0.027002 -2.1684e-19     0.00109 
LeftHand 0 0 0           0 5.55112e-17   -0.198312   -0.043342 2.77556e-17   -0.113784 -0.021671 -0.010835 -0.037936 
RightUpperLeg 0 0 0   1.9e-05         0 -0.462187  0.001643 -0.077616 -0.033474  -0.00776 -0.044352  -0.46201 -0.00776 0.038808 -0.46201  0.038756         0 -0.459773 
RightLowerLeg 0 0 0  0.000133         0 -0.454656 -0.007743 -0.044648 -0.001183 -0.007743  0.039067 -0.001183   4.5e-05 -0.033486 -0.454109   4.5e-05  0.033486 -0.454109  0.064406         0 -0.034501 
RightFoot 0 0 0  0.153826         0 -0.069379 -0.043518         0 -0.084982  0.121864   0.03782 -0.085137  0.121864 -0.039921 -0.085137  0.143926         0 -0.085137         0         0 -0.086384  0.108207  0.010506 -0.022104 
RightToe 0 0 0  0.067658         0 -0.016141 -0.033964  0.038739 -0.016141 -0.033964 -0.040891 -0.016141 
LeftUpperLeg 0 0 0   1.9e-05         0 -0.462187  0.001643  0.077616 -0.033474 -0.00776 0.044352 -0.46201  -0.00776 -0.038808  -0.46201  0.038756         0 -0.459773 
LeftLowerLeg 0 0 0  0.000133         0 -0.454656 -0.007743  0.044648 -0.001183 -0.007743 -0.039067 -0.001183   4.5e-05  0.033486 -0.454109   4.5e-05 -0.033486 -0.454109  0.064406         0 -0.034501 
LeftFoot 0 0 0  0.153826         0 -0.069379 -0.043518         0 -0.084982  0.121864  -0.03782 -0.085137  0.121864  0.039921 -0.085137  0.143926         0 -0.085137         0         0 -0.086384  0.108207 -0.010506 -0.022104 
LeftToe 0 0 0  0.067658         0 -0.016141 -0.033964 -0.038739 -0.016141 -0.033964  0.040891 -0.016141 
