Pelvis -0.0637553 0.00358696 0.0984626 0.0315656 0.605514 -0.0234417 -0.794864
L5 0 0 0 1 0 0 0
L3 0 0 0 1 0 0 0
T12 0 0 0 1 0 0 0
T8 0.148266 0.000120076 0.0817143 0.101964 -0.537978 -0.068668 -0.833947
Neck 0 0 0 1 0 0 0
Head -0.0732591 -0.0013126 0.0833087 0.912812 0.131402 0.355925 0.151075
RightShoulder -0.023664 -0.0503339 -0.0595812 0.826025 0.274933 0.0732941 -0.486542
RightUpperArm -0.035192 -2.77556e-17 0.0217064 0.746705 -0.00458564 0.0262923 -0.66462
RightForeArm -0.0175325 -2.77556e-17 0.0301127 0.233391 -0.732056 0.606891 -0.203243
RightHand 0.00398177 -2.77556e-17 0.0226494 0.760774 -0.188153 0.159952 -0.600199
LeftShoulder -0.0251723 0.0486637 -0.0626276 0.723208 -0.368321 -0.0697199 0.580043
LeftUpperArm 0.0174296 2.77556e-17 0.044708 0.668254 -0.308748 -0.324905 0.593758
LeftForeArm 0.00442609 2.77556e-17 -0.0346435 0.462065 0.579811 0.466 0.482865
LeftHand 0.00626951 2.77556e-17 0.025844 0.76591 0.195827 0.180733 0.585123
RightUpperLeg 0.0162499 -0.040676 -0.278097 0.513778 0.48115 0.571693 -0.421539
RightLowerLeg 0.0327255 0.00463631 -0.152959 -0.582643 0.347964 -0.699507 -0.223913
RightFoot 0.0895524 -0.00159502 -0.0201341 -0.929452 -0.257605 -0.248031 -0.0907641
RightToe 0 0 0 1 0 0 0
LeftUpperLeg 0.0148998 0.0440586 -0.279442 -0.451245 0.526444 -0.540425 -0.476629
LeftLowerLeg 0.0378833 -0.00595045 -0.14555 0.528047 0.399741 0.689188 -0.293932
LeftFoot 0.105207 -0.000903325 -0.0176003 0.205554 -0.227368 -0.164713 -0.937508
LeftToe 0 0 0 1 0 0 0
Pelvis 0 0 0 -3.1e-05        0  0.10558   1.6e-05 -0.085993  0.000154  1.6e-05 0.085993 0.000154 -0.021278 -0.053745   0.10914 -0.021278  0.053745   0.10914  0.072782 -0.128989  0.077932 0.072782 0.128989 0.077932  0.037646 -0.107491  0.157151 0.037646 0.107491 0.157151 -0.059033 -0.053745 -0.049081 -0.059033  0.053745 -0.049081 -0.072782         0  0.027956 -0.059033         0 -0.049081 
L5 0 0 0  5.7e-05        0 0.116208 -0.032147         0 -0.003287 
L3 0 0 0     0     0 0.105 -0.032332         0 -0.000309 
T12 0 0 0     0     0 0.105 -0.032332         0 -0.000309 
T8 0 0 0        0        0 0.147636         0 -0.032295  0.082412        0 0.032295 0.082412 -0.032229         0  0.147945  0.128917         0 -0.003532 0.123545        0 0.125385 -0.032229         0   0.09423 -0.032229         0 -0.000309 
Neck 0 0 0 0.000136        0 0.097755 -0.031493         0 -0.007394 -0.019672         0 -0.059995 
Head 0 0 0 7.1e-05       0 0.18664 -0.006682 -0.075053  0.075213 -0.006682  0.075053  0.075213 -0.064085         0  0.061706 
RightShoulder 0 0 0         0 -0.151955         0 0.124756 0.032479 0.043393         0 -0.173694  0.054242 
RightUpperArm 0 0 0            0 -5.55112e-17    -0.324068         0 -0.032404 -0.324056         0  0.037805 -0.324056 
RightForeArm 0 0 0       -1e-06 -5.55112e-17    -0.265075    -0.027002 -5.55112e-17    -0.263961     0.027001 -5.55112e-17    -0.266166  -0.027002 2.1684e-19    0.00109 
RightHand 0 0 0            0 -5.55112e-17    -0.198312    -0.043342 -2.77556e-17    -0.113784 -0.021671  0.010835 -0.037936 
LeftShoulder 0 0 0        0 0.151955        0  0.124756 -0.032479  0.043393        0 0.173694 0.054242 
LeftUpperArm 0 0 0           0 5.55112e-17   -0.324068         0  0.032404 -0.324056         0 -0.037805 -0.324056 
LeftForeArm 0 0 0      -1e-06 5.55112e-17   -0.265075   -0.027002 5.55112e-17   -0.263961    0.027001 5.55112e-17   -0.266166   -0.027002 -2.1684e-19     0.00109 
LeftHand 0 0 0           0 5.55112e-17   -0.198312   -0.043342 2.77556e-17   -0.113784 -0.021671 -0.010835 -0.037936 
RightUpperLeg 0 0 0   1.9e-05         0 -0.462187  0.001643 -0.077616 -0.033474  -0.00776 -0.044352  -0.46201 -0.00776 0.038808 -0.46201  0.038756         0 -0.459773 
RightLowerLeg 0 0 0  0.000133         0 -0.454656 -0.007743 -0.044648 -0.001183 -0.007743  0.039067 -0.001183   4.5e-05 -0.033486 -0.454109   4.5e-05  0.033486 -0.454109  0.064406         0 -0.034501 
RightFoot 0 0 0  0.153826         0 -0.069379 -0.043518         0 -0.084982  0.121864   0.03782 -0.085137  0.121864 -0.039921 -0.085137  0.143926         0 -0.085137         0         0 -0.086384  0.108207  0.010506 -0.022104 
RightToe 0 0 0  0.067658         0 -0.016141 -0.033964  0.038739 -0.016141 -0.033964 -0.040891 -0.016141 
LeftUpperLeg 0 0 0   1.9e-05         0 -0.462187  0.001643  0.077616 -0.033474 -0.00776 0.044352 -0.46201  -0.00776 -0.038808  -0.46201  0.038756         0 -0.459773 
LeftLowerLeg 0 0 0  0.000133         0 -0.454656 -0.007743  0.044648 -0.001183 -0.007743 -0.039067 -0.001183   4.5e-05  0.033486 -0.454109   4.5e-05 -0.033486 -0.454109  0.064406         0 -0.034501 
LeftFoot 0 0 0  0.153826         0 -0.069379 -0.043518         0 -0.084982  0.121864  -0.03782 -0.085137  0.121864  0.039921 -0.085137  0.143926         0 -0.085137         0         0 -0.086384  0.108207 -0.010506 -0.022104 
LeftToe 0 0 0  0.067658         0 -0.016141 -0.033964 -0.038739 -0.016141 -0.033964  0.040891 -0.016141 
