Pelvis -0.0661471 -0.00321034 0.104006 0.0310743 0.605146 -0.0234295 -0.795163
L5 0 0 0 1 0 0 0
L3 0 0 0 1 0 0 0
T12 0 0 0 1 0 0 0
T8 0.149461 -0.0041225 0.0718976 0.101945 -0.537973 -0.0686564 -0.833953
Neck 0 0 0 1 0 0 0
Head -0.0786936 0.00181774 0.0841292 0.912777 0.131335 0.356007 0.151153
RightShoulder -0.0325493 -0.0522496 -0.0625844 0.826011 0.27493 0.0732912 -0.486565
RightUpperArm -0.0246183 -2.77556e-17 0.018367 0.7467 -0.00457045 0.026279 -0.664626
RightForeArm -0.122005 -2.77556e-17 -0.0440428 0.233406 -0.732043 0.606895 -0.203254
RightHand 0.012729 -2.77556e-17 0.0146354 0.760774 -0.18815 0.159949 -0.600201
LeftShoulder -0.0234634 0.0453958 -0.0613718 0.723211 -0.368338 -0.0697171 0.580029
LeftUpperArm -0.0136323 2.77556e-17 0.0305814 0.668252 -0.308754 -0.324911 0.593754
LeftForeArm 0.00661509 2.77556e-17 0.0492602 0.462064 0.579813 0.465999 0.482865
LeftHand 0.0442234 2.77556e-17 0.0199471 0.765911 0.195825 0.180729 0.585124
RightUpperLeg 0.0164957 -0.0398883 -0.278202 -0.515575 -0.478701 -0.573847 0.4192
RightLowerLeg 0.0340848 0.00574648 -0.14699 0.582953 -0.346587 0.700209 0.223045
RightFoot 0.0909528 0.00144023 -0.0153743 0.929258 0.258222 0.248146 0.0906862
RightToe 0 0 0 1 0 0 0
LeftUpperLeg 0.0149858 0.0448996 -0.285239 0.457056 -0.519998 0.546197 0.471562
LeftLowerLeg 0.0344546 -0.00792617 -0.147645 -0.529833 -0.395831 -0.691175 0.291325
LeftFoot 0.0904699 -0.00828103 -0.014489 -0.20422 0.227726 0.164884 0.937682
LeftToe 0 0 0 1 0 0 0
Pelvis 0 0 0 -3.1e-05        0  0.10558   1.6e-05 -0.085993  0.000154  1.6e-05 0.085993 0.000154 -0.021278 -0.053745   0.10914 -0.021278  0.053745   0.10914  0.072782 -0.128989  0.077932 0.072782 0.128989 0.077932  0.037646 -0.107491  0.157151 0.037646 0.107491 0.157151 -0.059033 -0.053745 -0.049081 -0.059033  0.053745 -0.049081 -0.072782         0  0.027956 -0.059033         0 -0.049081 
L5 0 0 0  5.7e-05        0 0.116208 -0.032147         0 -0.003287 
L3 0 0 0     0     0 0.105 -0.032332         0 -0.000309 
T12 0 0 0     0     0 0.105 -0.032332         0 -0.000309 
T8 0 0 0        0        0 0.147636         0 -0.032295  0.082412        0 0.032295 0.082412 -0.032229         0  0.147945  0.128917         0 -0.003532 0.123545        0 0.125385 -0.032229         0   0.09423 -0.032229         0 -0.000309 
Neck 0 0 0 0.000136        0 0.097755 -0.031493         0 -0.007394 -0.019672         0 -0.059995 
Head 0 0 0 7.1e-05       0 0.18664 -0.006682 -0.075053  0.075213 -0.006682  0.075053  0.075213 -0.064085         0  0.061706 
RightShoulder 0 0 0         0 -0.151955         0 0.124756 0.032479 0.043393         0 -0.173694  0.054242 
RightUpperArm 0 0 0            0 -5.55112e-17    -0.324068         0 -0.032404 -0.324056         0  0.037805 -0.324056 
RightForeArm 0 0 0       -1e-06 -5.55112e-17    -0.265075    -0.027002 -5.55112e-17    -0.263961     0.027001 -5.55112e-17    -0.266166  -0.027002 2.1684e-19    0.00109 
RightHand 0 0 0            0 -5.55112e-17    -0.198312    -0.043342 -2.77556e-17    -0.113784 -0.021671  0.010835 -0.037936 
LeftShoulder 0 0 0        0 0.151955        0  0.124756 -0.032479  0.043393        0 0.173694 0.054242 
LeftUpperArm 0 0 0           0 5.55112e-17   -0.324068         0  0.032404 -0.324056         0 -0.037805 -0.324056 
LeftForeArm 0 0 0      -1e-06 5.55112e-17   -0.265075   -0.027002 5.55112e-17   -0.263961    0.027001 5.55112e-17   -0.266166   -0.027002 -2.1684e-19     0.00109 
LeftHand 0 0 0           0 5.55112e-17   -0.198312   -0.043342 2.77556e-17   -0.113784 -0.021671 -0.010835 -0.037936 
RightUpperLeg 0 0 0   1.9e-05         0 -0.462187  0.001643 -0.077616 -0.033474  -0.00776 -0.044352  -0.46201 -0.00776 0.038808 -0.46201  0.038756         0 -0.459773 
RightLowerLeg 0 0 0  0.000133         0 -0.454656 -0.007743 -0.044648 -0.001183 -0.007743  0.039067 -0.001183   4.5e-05 -0.033486 -0.454109   4.5e-05  0.033486 -0.454109  0.064406         0 -0.034501 
RightFoot 0 0 0  0.153826         0 -0.069379 -0.043518         0 -0.084982  0.121864   0.03782 -0.085137  0.121864 -0.039921 -0.085137  0.143926         0 -0.085137         0         0 -0.086384  0.108207  0.010506 -0.022104 
RightToe 0 0 0  0.067658         0 -0.016141 -0.033964  0.038739 -0.016141 -0.033964 -0.040891 -0.016141 
LeftUpperLeg 0 0 0   1.9e-05         0 -0.462187  0.001643  0.077616 -0.033474 -0.00776 0.044352 -0.46201  -0.00776 -0.038808  -0.46201  0.038756         0 -0.459773 
LeftLowerLeg 0 0 0  0.000133         0 -0.454656 -0.007743  0.044648 -0.001183 -0.007743 -0.039067 -0.001183   4.5e-05  0.033486 -0.454109   4.5e-05 -0.033486 -0.454109  0.064406         0 -0.034501 
LeftFoot 0 0 0  0.153826         0 -0.069379 -0.043518         0 -0.084982  0.121864  -0.03782 -0.085137  0.121864  0.039921 -0.085137  0.143926         0 -0.085137         0         0 -0.086384  0.108207 -0.010506 -0.022104 
LeftToe 0 0 0  0.067658         0 -0.016141 -0.033964 -0.038739 -0.016141 -0.033964  0.040891 -0.016141 
