Pelvis -0.0608239 -0.00240502 0.10285 0.0275192 0.604788 -0.0256584 -0.795498
L5 0 0 0 1 0 0 0
L3 0 0 0 1 0 0 0
T12 0 0 0 1 0 0 0
T8 0.148346 0.00157406 0.0840911 0.101927 -0.538021 -0.0686794 -0.833924
Neck 0 0 0 1 0 0 0
Head -0.0748594 -0.00055916 0.0817234 0.912787 0.131511 0.355973 0.151022
RightShoulder -0.0218201 -0.0569301 -0.0675367 0.82602 0.274882 0.0732928 -0.486578
RightUpperArm -0.022511 -2.77556e-17 0.0211066 0.746693 -0.00459211 0.026265 -0.664635
RightForeArm -0.0225868 -2.77556e-17 0.0155495 0.23338 -0.732041 0.606904 -0.203269
RightHand -0.00113873 -2.77556e-17 0.0235947 0.76077 -0.188155 0.159946 -0.600204
LeftShoulder -0.0155249 0.0580189 -0.0684236 0.723199 -0.368317 -0.0696729 0.580062
LeftUpperArm -0.0182718 2.77556e-17 0.0155564 0.668243 -0.308748 -0.324891 0.593778
LeftForeArm -0.0299 2.77556e-17 0.0194659 0.462073 0.5798 0.466015 0.482857
LeftHand 8.58718e-05 2.77556e-17 0.0272224 0.76591 0.195823 0.180735 0.585123
RightUpperLeg 0.0163056 -0.0410127 -0.278109 0.512216 0.482685 0.570479 -0.423323
RightLowerLeg 0.0322187 0.00614931 -0.149257 -0.581973 0.348683 -0.699286 -0.225224
RightFoot 0.105316 -0.00956644 -0.00365247 -0.928687 -0.259042 -0.24922 -0.0912517
RightToe 0 0 0 1 0 0 0
LeftUpperLeg -0.0046145 0.0513392 -0.303078 -0.449006 0.529014 -0.540148 -0.476213
LeftLowerLeg 0.0337694 -0.00610108 -0.153251 0.528308 0.400429 0.688274 -0.294663
LeftFoot 0.0842524 0.00890373 -0.00213368 0.201188 -0.227814 -0.165695 -0.938173
LeftToe 0 0 0 1 0 0 0
Pelvis 0 0 0 -3.1e-05        0  0.10558   1.6e-05 -0.085993  0.000154  1.6e-05 0.085993 0.000154 -0.021278 -0.053745   0.10914 -0.021278  0.053745   0.10914  0.072782 -0.128989  0.077932 0.072782 0.128989 0.077932  0.037646 -0.107491  0.157151 0.037646 0.107491 0.157151 -0.059033 -0.053745 -0.049081 -0.059033  0.053745 -0.049081 -0.072782         0  0.027956 -0.059033         0 -0.049081 
L5 0 0 0  5.7e-05        0 0.116208 -0.032147         0 -0.003287 
L3 0 0 0     0     0 0.105 -0.032332         0 -0.000309 
T12 0 0 0     0     0 0.105 -0.032332         0 -0.000309 
T8 0 0 0        0        0 0.147636         0 -0.032295  0.082412        0 0.032295 0.082412 -0.032229         0  0.147945  0.128917         0 -0.003532 0.123545        0 0.125385 -0.032229         0   0.09423 -0.032229         0 -0.000309 
Neck 0 0 0 0.000136        0 0.097755 -0.031493         0 -0.007394 -0.019672         0 -0.059995 
Head 0 0 0 7.1e-05       0 0.18664 -0.006682 -0.075053  0.075213 -0.006682  0.075053  0.075213 -0.064085         0  0.061706 
RightShoulder 0 0 0         0 -0.151955         0 0.124756 0.032479 0.043393         0 -0.173694  0.054242 
RightUpperArm 0 0 0            0 -5.55112e-17    -0.324068         0 -0.032404 -0.324056         0  0.037805 -0.324056 
RightForeArm 0 0 0       -1e-06 -5.55112e-17    -0.265075    -0.027002 -5.55112e-17    -0.263961     0.027001 -5.55112e-17    -0.266166  -0.027002 2.1684e-19    0.00109 
RightHand 0 0 0            0 -5.55112e-17    -0.198312    -0.043342 -2.77556e-17    -0.113784 -0.021671  0.010835 -0.037936 
LeftShoulder 0 0 0        0 0.151955        0  0.124756 -0.032479  0.043393        0 0.173694 0.054242 
LeftUpperArm 0 0 0           0 5.55112e-17   -0.324068         0  0.032404 -0.324056         0 -0.037805 -0.324056 
LeftForeArm 0 0 0      -1e-06 5.55112e-17   -0.265075   -0.027002 5.55112e-17   -0.263961    0.027001 5.55112e-17   -0.266166   -0.027002 -2.1684e-19     0.00109 
LeftHand 0 0 0           0 5.55112e-17   -0.198312   -0.043342 2.77556e-17   -0.113784 -0.021671 -0.010835 -0.037936 
RightUpperLeg 0 0 0   1.9e-05         0 -0.462187  0.001643 -0.077616 -0.033474  -0.00776 -0.044352  -0.46201 -0.00776 0.038808 -0.46201  0.038756         0 -0.459773 
RightLowerLeg 0 0 0  0.000133         0 -0.454656 -0.007743 -0.044648 -0.001183 -0.007743  0.039067 -0.001183   4.5e-05 -0.033486 -0.454109   4.5e-05  0.033486 -0.454109  0.064406         0 -0.034501 
RightFoot 0 0 0  0.153826         0 -0.069379 -0.043518         0 -0.084982  0.121864   0.03782 -0.085137  0.121864 -0.039921 -0.085137  0.143926         0 -0.085137         0         0 -0.086384  0.108207  0.010506 -0.022104 
RightToe 0 0 0  0.067658         0 -0.016141 -0.033964  0.038739 -0.016141 -0.033964 -0.040891 -0.016141 
LeftUpperLeg 0 0 0   1.9e-05         0 -0.462187  0.001643  0.077616 -0.033474 -0.00776 0.044352 -0.46201  -0.00776 -0.038808  -0.46201  0.038756         0 -0.459773 
LeftLowerLeg 0 0 0  0.000133         0 -0.454656 -0.007743  0.044648 -0.001183 -0.007743 -0.039067 -0.001183   4.5e-05  0.033486 -0.454109   4.5e-05 -0.033486 -0.454109  0.064406         0 -0.034501 
LeftFoot 0 0 0  0.153826         0 -0.069379 -0.043518         0 -0.084982  0.121864  -0.03782 -0.085137  0.121864  0.039921 -0.085137  0.143926         0 -0.085137         0         0 -0.086384  0.108207 -0.010506 -0.022104 
LeftToe 0 0 0  0.067658         0 -0.016141 -0.033964 -0.038739 -0.016141 -0.033964  0.040891 -0.016141 
