Pelvis -0.0446394 -0.00438859 0.111449 0.831358 -0.0115396 -0.55536 0.0168862
L5 0 0 0 1 0 0 0
L3 0 0 0 1 0 0 0
T12 0 0 0 1 0 0 0
T8 0.150362 8.52377e-05 0.0833605 0.850863 0.0424831 0.521755 -0.0446978
Neck 0 0 0 1 0 0 0
Head -0.073648 0.000388845 0.0825121 0.6223 0.651305 -0.198848 0.386011
RightShoulder -0.0216313 -0.0539253 -0.0643203 0.461747 0.261013 -0.211134 -0.821026
RightUpperArm -0.0287165 -2.77556e-17 0.017582 0.748599 -0.0428173 -0.0556717 -0.659294
RightForeArm 0.00698605 -2.77556e-17 0.00844081 0.747117 -0.16998 0.151095 -0.624573
RightHand 0.0155625 -1.38778e-17 0.0142303 0.749124 -0.174428 0.177523 -0.6139
LeftShoulder -0.0216118 0.053971 -0.0643134 0.523811 0.0712017 -0.215969 -0.82092
LeftUpperArm -0.0306313 2.77556e-17 0.0230541 0.698544 0.0708141 0.0145311 0.711907
LeftForeArm -0.0152736 2.77556e-17 0.0191748 0.726852 0.151517 0.05528 0.667587
LeftHand 0.0303926 1.38778e-17 0.0184613 0.744872 0.123052 0.0462997 0.654127
RightUpperLeg 0.0129603 -0.0468279 -0.278221 -0.553449 -0.460329 -0.652412 0.236959
RightLowerLeg 0.0342305 0.00797297 -0.147239 0.64121 -0.316233 0.644856 0.2702
RightFoot 0.0893802 0.00111436 -0.0116489 -0.929131 -0.259786 -0.256742 -0.057529
RightToe 0 0 0 1 0 0 0
LeftUpperLeg 0.0147066 0.0464573 -0.278232 0.524141 -0.512354 0.526111 0.431251
LeftLowerLeg 0.0343221 -0.00745797 -0.147233 -0.606614 -0.370688 -0.621778 0.328637
LeftFoot 0.0903788 -0.0170397 -0.00328219 -0.081663 0.24235 0.140101 0.95654
LeftToe 0 0 0 1 0 0 0
Pelvis 0 0 0 -3.1e-05        0 0.105586   1.5e-05 -0.085994  0.000152  1.5e-05 0.085994 0.000152 -0.021278 -0.053746  0.109141 -0.021278  0.053746  0.109141  0.072783 -0.128991  0.077933 0.072783 0.128991 0.077933  0.037646 -0.107492  0.157154 0.037646 0.107492 0.157154 -0.059034 -0.053746 -0.049082 -0.059034  0.053746 -0.049082 -0.072783         0  0.027956 -0.059034         0 -0.049082 
L5 0 0 0 5.6e-05       0 0.11622 -0.032148         0 -0.003283 
L3 0 0 0        0        0 0.105011 -0.032333         0 -0.000305 
T12 0 0 0        0        0 0.105011 -0.032333         0 -0.000305 
T8 0 0 0        0        0 0.147579         0 -0.032235   0.08238        0 0.032235  0.08238 -0.032215         0  0.147884   0.12886         0 -0.003526  0.12349        0 0.125334 -0.032215         0  0.094192 -0.032215         0 -0.000305 
Neck 0 0 0 0.000134        0 0.097765 -0.031494         0  -0.00739 -0.019674         0 -0.059991 
Head 0 0 0    7e-05        0 0.186664 -0.006684 -0.075059  0.075224 -0.006684  0.075059  0.075224 -0.064092         0  0.061716 
RightShoulder 0 0 0         0 -0.151703         0 0.124579 0.032478 0.043332         0 -0.173348  0.054165 
RightUpperArm 0 0 0            0 -5.55112e-17     -0.32421         0 -0.032417  -0.32419        0  0.03782 -0.32419 
RightForeArm 0 0 0       -2e-06 -5.55112e-17    -0.265174     -0.02701 -5.55112e-17    -0.264051     0.027009 -5.55112e-17    -0.266256   -0.02701 2.1684e-19   0.001082 
RightHand 0 0 0            0 -2.77556e-17    -0.198373    -0.043351 -2.77556e-17    -0.113817 -0.021676  0.010838 -0.037953 
LeftShoulder 0 0 0        0 0.151703        0  0.124579 -0.032478  0.043332        0 0.173348 0.054165 
LeftUpperArm 0 0 0           0 5.55112e-17    -0.32421        0 0.032417 -0.32419        0 -0.03782 -0.32419 
LeftForeArm 0 0 0      -2e-06 5.55112e-17   -0.265174    -0.02701 5.55112e-17   -0.264051    0.027009 5.55112e-17   -0.266256    -0.02701 -2.1684e-19    0.001082 
LeftHand 0 0 0           0 2.77556e-17   -0.198373   -0.043351 2.77556e-17   -0.113817 -0.021676 -0.010838 -0.037953 
RightUpperLeg 0 0 0   2.2e-05         0 -0.463628  0.001648 -0.077849 -0.033531 -0.007783 -0.044485 -0.463402 -0.007783  0.038925 -0.463402  0.038872         0 -0.461158 
RightLowerLeg 0 0 0  0.000137         0 -0.453193 -0.007715 -0.044513 -0.001136 -0.007715  0.038949 -0.001136   4.9e-05 -0.033385 -0.452692   4.9e-05  0.033385 -0.452692  0.064215         0 -0.034353 
RightFoot 0 0 0  0.153824         0 -0.069373 -0.043519         0 -0.084978  0.121861  0.037819 -0.085131  0.121861  -0.03992 -0.085131  0.143922         0 -0.085131         0         0 -0.086371  0.108204  0.010505 -0.022099 
RightToe 0 0 0 0.067658        0 -0.01614 -0.03396 0.038737 -0.01614  -0.03396 -0.040889  -0.01614 
LeftUpperLeg 0 0 0   2.2e-05         0 -0.463628  0.001648  0.077849 -0.033531 -0.007783  0.044485 -0.463402 -0.007783 -0.038925 -0.463402  0.038872         0 -0.461158 
LeftLowerLeg 0 0 0  0.000137         0 -0.453193 -0.007715  0.044513 -0.001136 -0.007715 -0.038949 -0.001136   4.9e-05  0.033385 -0.452692   4.9e-05 -0.033385 -0.452692  0.064215         0 -0.034353 
LeftFoot 0 0 0  0.153824         0 -0.069373 -0.043519         0 -0.084978  0.121861 -0.037819 -0.085131  0.121861   0.03992 -0.085131  0.143922         0 -0.085131         0         0 -0.086371  0.108204 -0.010505 -0.022099 
LeftToe 0 0 0 0.067658        0 -0.01614  -0.03396 -0.038737  -0.01614 -0.03396 0.040889 -0.01614 
