Pelvis -0.0555319 0.000923562 0.0931813 0.0303552 0.60656 -0.0244818 -0.794081
L5 0 0 0 1 0 0 0
L3 0 0 0 1 0 0 0
T12 0 0 0 1 0 0 0
T8 0.141518 -0.0021235 0.0813221 0.10196 -0.537971 -0.0686661 -0.833951
Neck 0 0 0 1 0 0 0
Head -0.0731321 3.57579e-05 0.0814774 0.912812 0.131401 0.355919 0.151089
RightShoulder -0.0144037 -0.0632009 -0.0618202 0.826016 0.274934 0.0732936 -0.486558
RightUpperArm -0.0432086 -2.77556e-17 0.0213491 0.746706 -0.00456926 0.02628 -0.664621
RightForeArm -0.00838106 -2.77556e-17 0.0404378 0.233405 -0.732051 0.606886 -0.203254
RightHand 0.00337134 -2.77556e-17 0.0174653 0.760773 -0.188151 0.159948 -0.600199
LeftShoulder -0.0289841 0.0593602 -0.0632352 0.723203 -0.368333 -0.0697315 0.580039
LeftUpperArm -0.0269381 2.77556e-17 0.0176607 0.668254 -0.308756 -0.324906 0.593753
LeftForeArm -0.00019405 2.77556e-17 0.0472183 0.46207 0.579814 0.465998 0.482859
LeftHand 0.00580797 2.77556e-17 0.0170673 0.765911 0.195826 0.180734 0.585122
RightUpperLeg 0.0141239 -0.0390095 -0.286733 0.513634 0.481275 0.563551 -0.432393
RightLowerLeg 0.0322265 0.00808107 -0.151508 -0.580733 0.351625 -0.698278 -0.226974
RightFoot 0.0873013 0.0141158 -0.0204154 -0.92867 -0.255968 -0.25005 -0.097617
RightToe 0 0 0 1 0 0 0
LeftUpperLeg 0.0116605 0.048284 -0.280184 -0.457953 0.519747 -0.545505 -0.471769
LeftLowerLeg 0.0360734 -0.00824515 -0.148336 0.53007 0.39618 0.690964 -0.290923
LeftFoot 0.0885391 -0.00110226 -0.0152934 0.204025 -0.227254 -0.164528 -0.937902
LeftToe 0 0 0 1 0 0 0
Pelvis 0 0 0 -3.1e-05        0  0.10558   1.6e-05 -0.085993  0.000154  1.6e-05 0.085993 0.000154 -0.021278 -0.053745   0.10914 -0.021278  0.053745   0.10914  0.072782 -0.128989  0.077932 0.072782 0.128989 0.077932  0.037646 -0.107491  0.157151 0.037646 0.107491 0.157151 -0.059033 -0.053745 -0.049081 -0.059033  0.053745 -0.049081 -0.072782         0  0.027956 -0.059033         0 -0.049081 
L5 0 0 0  5.7e-05        0 0.116208 -0.032147         0 -0.003287 
L3 0 0 0     0     0 0.105 -0.032332         0 -0.000309 
T12 0 0 0     0     0 0.105 -0.032332         0 -0.000309 
T8 0 0 0        0        0 0.147636         0 -0.032295  0.082412        0 0.032295 0.082412 -0.032229         0  0.147945  0.128917         0 -0.003532 0.123545        0 0.125385 -0.032229         0   0.09423 -0.032229         0 -0.000309 
Neck 0 0 0 0.000136        0 0.097755 -0.031493         0 -0.007394 -0.019672         0 -0.059995 
Head 0 0 0 7.1e-05       0 0.18664 -0.006682 -0.075053  0.075213 -0.006682  0.075053  0.075213 -0.064085         0  0.061706 
RightShoulder 0 0 0         0 -0.151955         0 0.124756 0.032479 0.043393         0 -0.173694  0.054242 
RightUpperArm 0 0 0            0 -5.55112e-17    -0.324068         0 -0.032404 -0.324056         0  0.037805 -0.324056 
RightForeArm 0 0 0       -1e-06 -5.55112e-17    -0.265075    -0.027002 -5.55112e-17    -0.263961     0.027001 -5.55112e-17    -0.266166  -0.027002 2.1684e-19    0.00109 
RightHand 0 0 0            0 -5.55112e-17    -0.198312    -0.043342 -2.77556e-17    -0.113784 -0.021671  0.010835 -0.037936 
LeftShoulder 0 0 0        0 0.151955        0  0.124756 -0.032479  0.043393        0 0.173694 0.054242 
LeftUpperArm 0 0 0           0 5.55112e-17   -0.324068         0  0.032404 -0.324056         0 -0.037805 -0.324056 
LeftForeArm 0 0 0      -1e-06 5.55112e-17   -0.265075   -0.027002 5.55112e-17   -0.263961    0.027001 5.55112e-17   -0.266166   -0.027002 -2.1684e-19     0.00109 
LeftHand 0 0 0           0 5.55112e-17   -0.198312   -0.043342 2.77556e-17   -0.113784 -0.021671 -0.010835 -0.037936 
RightUpperLeg 0 0 0   1.9e-05         0 -0.462187  0.001643 -0.077616 -0.033474  -0.00776 -0.044352  -0.46201 -0.00776 0.038808 -0.46201  0.038756         0 -0.459773 
RightLowerLeg 0 0 0  0.000133         0 -0.454656 -0.007743 -0.044648 -0.001183 -0.007743  0.039067 -0.001183   4.5e-05 -0.033486 -0.454109   4.5e-05  0.033486 -0.454109  0.064406         0 -0.034501 
RightFoot 0 0 0  0.153826         0 -0.069379 -0.043518         0 -0.084982  0.121864   0.03782 -0.085137  0.121864 -0.039921 -0.085137  0.143926         0 -0.085137         0         0 -0.086384  0.108207  0.010506 -0.022104 
RightToe 0 0 0  0.067658         0 -0.016141 -0.033964  0.038739 -0.016141 -0.033964 -0.040891 -0.016141 
LeftUpperLeg 0 0 0   1.9e-05         0 -0.462187  0.001643  0.077616 -0.033474 -0.00776 0.044352 -0.46201  -0.00776 -0.038808  -0.46201  0.038756         0 -0.459773 
LeftLowerLeg 0 0 0  0.000133         0 -0.454656 -0.007743  0.044648 -0.001183 -0.007743 -0.039067 -0.001183   4.5e-05  0.033486 -0.454109   4.5e-05 -0.033486 -0.454109  0.064406         0 -0.034501 
LeftFoot 0 0 0  0.153826         0 -0.069379 -0.043518         0 -0.084982  0.121864  -0.03782 -0.085137  0.121864  0.039921 -0.085137  0.143926         0 -0.085137         0         0 -0.086384  0.108207 -0.010506 -0.022104 
LeftToe 0 0 0  0.067658         0 -0.016141 -0.033964 -0.038739 -0.016141 -0.033964  0.040891 -0.016141 
