Pelvis -0.0593334 -0.000864598 0.103378 0.831503 -0.0109356 -0.555161 0.0167302
L5 0 0 0 1 0 0 0
L3 0 0 0 1 0 0 0
T12 0 0 0 1 0 0 0
T8 0.150346 0.000588164 0.0834577 0.850864 0.0424765 0.521756 -0.0446764
Neck 0 0 0 1 0 0 0
Head -0.0739753 0.000212466 0.0818422 0.622292 0.651288 -0.198965 0.385991
RightShoulder -0.0207456 -0.0545956 -0.0637102 0.461756 0.261011 -0.211127 -0.821024
RightUpperArm -0.0236785 -2.77556e-17 0.0265999 0.7486 -0.042825 -0.0556751 -0.65929
RightForeArm -0.0137984 -2.77556e-17 0.0319535 0.747122 -0.169991 0.151091 -0.624567
RightHand 0.00384387 -1.38778e-17 0.0187542 0.749124 -0.17443 0.177521 -0.613901
LeftShoulder -0.0227066 0.0549787 -0.0637674 0.523818 0.0712108 -0.215957 -0.820919
LeftUpperArm -0.0248679 2.77556e-17 0.0281989 0.698545 0.0708165 0.0145395 0.711904
LeftForeArm -0.00836961 2.77556e-17 0.0491738 0.726853 0.151527 0.0552942 0.667583
LeftHand 0.00715255 1.38778e-17 0.0200679 0.744873 0.123054 0.0463063 0.654124
RightUpperLeg 0.0145602 -0.045791 -0.277691 0.557048 0.452968 0.655477 -0.234234
RightLowerLeg 0.0365808 0.0059692 -0.146108 -0.641564 0.315625 -0.646844 -0.265273
RightFoot 0.0896181 0.00916574 -0.0171874 0.928159 0.254502 0.260845 0.0755714
RightToe 0 0 0 1 0 0 0
LeftUpperLeg 0.0147539 0.0473285 -0.278597 -0.52059 0.516809 -0.520713 -0.436754
LeftLowerLeg 0.0373983 -0.00741631 -0.146713 0.604307 0.3752 0.620715 -0.32977
LeftFoot 0.0830897 -0.00548246 -0.0201849 0.183466 -0.22971 -0.163489 -0.941725
LeftToe 0 0 0 1 0 0 0
Pelvis 0 0 0 -3.1e-05        0 0.105586   1.5e-05 -0.085994  0.000152  1.5e-05 0.085994 0.000152 -0.021278 -0.053746  0.109141 -0.021278  0.053746  0.109141  0.072783 -0.128991  0.077933 0.072783 0.128991 0.077933  0.037646 -0.107492  0.157154 0.037646 0.107492 0.157154 -0.059034 -0.053746 -0.049082 -0.059034  0.053746 -0.049082 -0.072783         0  0.027956 -0.059034         0 -0.049082 
L5 0 0 0 5.6e-05       0 0.11622 -0.032148         0 -0.003283 
L3 0 0 0        0        0 0.105011 -0.032333         0 -0.000305 
T12 0 0 0        0        0 0.105011 -0.032333         0 -0.000305 
T8 0 0 0        0        0 0.147579         0 -0.032235   0.08238        0 0.032235  0.08238 -0.032215         0  0.147884   0.12886         0 -0.003526  0.12349        0 0.125334 -0.032215         0  0.094192 -0.032215         0 -0.000305 
Neck 0 0 0 0.000134        0 0.097765 -0.031494         0  -0.00739 -0.019674         0 -0.059991 
Head 0 0 0    7e-05        0 0.186664 -0.006684 -0.075059  0.075224 -0.006684  0.075059  0.075224 -0.064092         0  0.061716 
RightShoulder 0 0 0         0 -0.151703         0 0.124579 0.032478 0.043332         0 -0.173348  0.054165 
RightUpperArm 0 0 0            0 -5.55112e-17     -0.32421         0 -0.032417  -0.32419        0  0.03782 -0.32419 
RightForeArm 0 0 0       -2e-06 -5.55112e-17    -0.265174     -0.02701 -5.55112e-17    -0.264051     0.027009 -5.55112e-17    -0.266256   -0.02701 2.1684e-19   0.001082 
RightHand 0 0 0            0 -2.77556e-17    -0.198373    -0.043351 -2.77556e-17    -0.113817 -0.021676  0.010838 -0.037953 
LeftShoulder 0 0 0        0 0.151703        0  0.124579 -0.032478  0.043332        0 0.173348 0.054165 
LeftUpperArm 0 0 0           0 5.55112e-17    -0.32421        0 0.032417 -0.32419        0 -0.03782 -0.32419 
LeftForeArm 0 0 0      -2e-06 5.55112e-17   -0.265174    -0.02701 5.55112e-17   -0.264051    0.027009 5.55112e-17   -0.266256    -0.02701 -2.1684e-19    0.001082 
LeftHand 0 0 0           0 2.77556e-17   -0.198373   -0.043351 2.77556e-17   -0.113817 -0.021676 -0.010838 -0.037953 
RightUpperLeg 0 0 0   2.2e-05         0 -0.463628  0.001648 -0.077849 -0.033531 -0.007783 -0.044485 -0.463402 -0.007783  0.038925 -0.463402  0.038872         0 -0.461158 
RightLowerLeg 0 0 0  0.000137         0 -0.453193 -0.007715 -0.044513 -0.001136 -0.007715  0.038949 -0.001136   4.9e-05 -0.033385 -0.452692   4.9e-05  0.033385 -0.452692  0.064215         0 -0.034353 
RightFoot 0 0 0  0.153824         0 -0.069373 -0.043519         0 -0.084978  0.121861  0.037819 -0.085131  0.121861  -0.03992 -0.085131  0.143922         0 -0.085131         0         0 -0.086371  0.108204  0.010505 -0.022099 
RightToe 0 0 0 0.067658        0 -0.01614 -0.03396 0.038737 -0.01614  -0.03396 -0.040889  -0.01614 
LeftUpperLeg 0 0 0   2.2e-05         0 -0.463628  0.001648  0.077849 -0.033531 -0.007783  0.044485 -0.463402 -0.007783 -0.038925 -0.463402  0.038872         0 -0.461158 
LeftLowerLeg 0 0 0  0.000137         0 -0.453193 -0.007715  0.044513 -0.001136 -0.007715 -0.038949 -0.001136   4.9e-05  0.033385 -0.452692   4.9e-05 -0.033385 -0.452692  0.064215         0 -0.034353 
LeftFoot 0 0 0  0.153824         0 -0.069373 -0.043519         0 -0.084978  0.121861 -0.037819 -0.085131  0.121861   0.03992 -0.085131  0.143922         0 -0.085131         0         0 -0.086371  0.108204 -0.010505 -0.022099 
LeftToe 0 0 0 0.067658        0 -0.01614  -0.03396 -0.038737  -0.01614 -0.03396 0.040889 -0.01614 
