Pelvis -0.06198 -0.00233291 0.101959 0.0698416 0.400707 -0.03114 -0.913009
L5 0 0 0 1 0 0 0
L3 0 0 0 1 0 0 0
T12 0 0 0 1 0 0 0
T8 0.151446 -0.000382041 0.0833325 0.0548558 -0.502234 -0.0748431 -0.859738
Neck 0 0 0 1 0 0 0
Head -0.0712335 -0.00731864 0.0894951 0.0118745 -0.464771 0.0271006 -0.884936
RightShoulder -0.0259315 -0.0615476 -0.0665662 0.796293 0.29211 -0.13821 -0.511359
RightUpperArm -0.0523503 -2.77556e-17 -0.00606659 0.75831 0.064245 -0.168104 -0.626561
RightForeArm -0.0273667 -2.77556e-17 -0.0400052 0.391682 -0.635718 0.46446 -0.476156
RightHand -0.0147723 -1.38778e-17 0.0281282 0.732959 0.106337 -0.0441465 -0.670458
LeftShoulder -0.019818 0.0524731 -0.0594899 0.604262 -0.49302 -0.16127 0.604807
LeftUpperArm -0.0365682 2.77556e-17 0.00946029 0.686495 -0.273934 -0.323174 0.590968
LeftForeArm 0.00706994 2.77556e-17 0.00191758 0.462637 0.559361 0.443617 0.525629
LeftHand 0.0107585 1.38778e-17 0.0213038 0.586473 -0.120731 0.00975936 0.800862
RightUpperLeg 0.0130966 -0.0521028 -0.266202 0.493055 0.54572 0.513593 -0.441937
RightLowerLeg 0.0332662 0.00511055 -0.141756 0.616626 -0.344286 0.678514 0.202133
RightFoot 0.0896856 -0.00279695 -0.0110869 0.957118 -0.0211106 0.288062 -0.0223557
RightToe 0 0 0 1 0 0 0
LeftUpperLeg 0.0126876 0.0490825 -0.26254 0.348728 -0.633983 0.463669 0.511336
LeftLowerLeg 0.0298819 -0.00853143 -0.150768 0.450981 0.482839 0.621165 -0.421469
LeftFoot 0.086966 0.00572041 -0.0122615 0.941448 -0.170738 0.207402 0.203738
LeftToe 0 0 0 1 0 0 0
Pelvis 0 0 0  2.7e-05        0 0.105764  -1.4e-05 -0.085676 -0.000133  -1.4e-05  0.085676 -0.000133   -0.0212 -0.053548  0.108738  -0.0212 0.053548 0.108738  0.072514 -0.128514  0.077645 0.072514 0.128514 0.077645  0.037507 -0.107095  0.156573 0.037507 0.107095 0.156573 -0.058816 -0.053548 -0.048901 -0.058816  0.053548 -0.048901 -0.072514         0  0.027853 -0.058816         0 -0.048901 
L5 0 0 0 -4.9e-05        0 0.117034 -0.032111         0 -0.002706 
L3 0 0 0       0       0 0.10575 -0.032209         0  0.000267 
T12 0 0 0       0       0 0.10575 -0.032209         0  0.000267 
T8 0 0 0        0        0 0.148747        0 -0.03222 0.082966        0  0.03222 0.082966 -0.03222        0 0.148481  0.128882         0 -0.002955 0.123512        0 0.125926 -0.03222        0  0.09478 -0.03222        0 0.000267 
Neck 0 0 0 -0.000117         0   0.09841 -0.031469         0 -0.006798 -0.019705         0 -0.059149 
Head 0 0 0 -6.1e-05        0 0.188587 -0.006844 -0.075378    0.0761 -0.006844  0.075378    0.0761 -0.064495         0  0.062535 
RightShoulder 0 0 0         0 -0.149468         0 0.122777 0.032029 0.042705         0 -0.170821  0.053381 
RightUpperArm 0 0 0            0 -5.55112e-17    -0.319471         0 -0.031947 -0.319471         0  0.037272 -0.319471 
RightForeArm 0 0 0            0 -5.55112e-17    -0.261302    -0.026619 -5.55112e-17    -0.260215     0.026619 -5.55112e-17    -0.262389  -0.026619 2.1684e-19   0.001086 
RightHand 0 0 0            0 -2.77556e-17    -0.195422    -0.042715 -2.77556e-17    -0.112127 -0.021358  0.010679 -0.037376 
LeftShoulder 0 0 0        0 0.149468        0  0.122777 -0.032029  0.042705        0 0.170821 0.053381 
LeftUpperArm 0 0 0           0 5.55112e-17   -0.319471         0  0.031947 -0.319471         0 -0.037272 -0.319471 
LeftForeArm 0 0 0           0 5.55112e-17   -0.261302   -0.026619 5.55112e-17   -0.260215    0.026619 5.55112e-17   -0.262389   -0.026619 -2.1684e-19    0.001086 
LeftHand 0 0 0           0 2.77556e-17   -0.195422   -0.042715 2.77556e-17   -0.112127 -0.021358 -0.010679 -0.037376 
RightUpperLeg 0 0 0   1.3e-05         0 -0.445562  0.001598 -0.074843  -0.03324 -0.007469 -0.042767 -0.445788 -0.007469  0.037422 -0.445788  0.037385         0 -0.443631 
RightLowerLeg 0 0 0   2.2e-05         0 -0.435805 -0.007467 -0.042874 -0.000742 -0.007467  0.037515 -0.000742   1.1e-05 -0.032156 -0.435672   1.1e-05  0.032156 -0.435672  0.061815         0 -0.032736 
RightFoot 0 0 0  0.153354         0 -0.068011 -0.043704         0 -0.083809  0.121136  0.037594 -0.083676  0.121136 -0.039683 -0.083676  0.143066         0 -0.083676         0         0 -0.083676  0.107561  0.010443 -0.021019 
RightToe 0 0 0  0.067943         0 -0.015997 -0.033216  0.038393 -0.015997 -0.033216 -0.040525 -0.015997 
LeftUpperLeg 0 0 0   1.3e-05         0 -0.445562 0.001598 0.074843 -0.03324 -0.007469  0.042767 -0.445788 -0.007469 -0.037422 -0.445788  0.037385         0 -0.443631 
LeftLowerLeg 0 0 0   2.2e-05         0 -0.435805 -0.007467  0.042874 -0.000742 -0.007467 -0.037515 -0.000742   1.1e-05  0.032156 -0.435672   1.1e-05 -0.032156 -0.435672  0.061815         0 -0.032736 
LeftFoot 0 0 0  0.153354         0 -0.068011 -0.043704         0 -0.083809  0.121136 -0.037594 -0.083676  0.121136  0.039683 -0.083676  0.143066         0 -0.083676         0         0 -0.083676  0.107561 -0.010443 -0.021019 
LeftToe 0 0 0  0.067943         0 -0.015997 -0.033216 -0.038393 -0.015997 -0.033216  0.040525 -0.015997 
