Pelvis -0.0567274 -0.00247373 0.102081 0.923143 -0.0371787 -0.371684 0.0909756
L5 0 0 0 1 0 0 0
L3 0 0 0 1 0 0 0
T12 0 0 0 1 0 0 0
T8 0.150322 0.000489899 0.0839621 0.0919941 -0.47017 -0.0331369 -0.877143
Neck 0 0 0 1 0 0 0
Head -0.0729364 0.0078569 0.0865554 0.588269 0.682789 -0.425982 -0.0792382
RightShoulder -0.0206658 -0.0546558 -0.0646046 0.721852 0.242457 -0.0802031 -0.643204
RightUpperArm -0.0275591 -2.77556e-17 0.0138211 0.617435 -0.292574 0.205595 -0.700647
RightForeArm -0.00426966 -2.77556e-17 0.00242476 0.748169 -0.26659 0.159382 -0.586319
RightHand 0.011051 -1.38778e-17 0.0191208 0.732569 -0.0299897 0.113629 -0.670471
LeftShoulder -0.0205513 0.0532399 -0.0629205 0.56233 -0.244885 -0.125469 0.779791
LeftUpperArm -0.0200563 2.77556e-17 0.0232621 0.673044 -0.121889 -0.207228 0.699438
LeftForeArm 0.0305033 2.77556e-17 0.0339223 0.769241 0.0238572 -0.126043 0.625949
LeftHand 0.0486748 1.38778e-17 0.0303101 0.681381 -0.114712 -0.0398446 0.721786
RightUpperLeg 0.0126473 -0.0457818 -0.26634 0.524296 0.399159 0.614786 -0.433386
RightLowerLeg 0.0343605 0.00614813 -0.141569 0.276118 -0.703853 -0.318479 -0.57177
RightFoot 0.0893401 -0.00149938 -0.0105617 0.960122 -0.0159345 0.279106 -0.00313528
RightToe 0 0 0 1 0 0 0
LeftUpperLeg 0.0132658 0.0446528 -0.269173 0.325637 -0.626529 0.360848 0.609271
LeftLowerLeg 0.0354163 -0.00611854 -0.14133 -0.0746289 -0.73424 0.121141 -0.663814
LeftFoot 0.0884597 0.00310737 -0.0100009 0.938727 -0.210931 0.192894 0.192595
LeftToe 0 0 0 1 0 0 0
Pelvis 0 0 0  2.7e-05        0 0.105764  -1.4e-05 -0.085676 -0.000133  -1.4e-05  0.085676 -0.000133   -0.0212 -0.053548  0.108738  -0.0212 0.053548 0.108738  0.072514 -0.128514  0.077645 0.072514 0.128514 0.077645  0.037507 -0.107095  0.156573 0.037507 0.107095 0.156573 -0.058816 -0.053548 -0.048901 -0.058816  0.053548 -0.048901 -0.072514         0  0.027853 -0.058816         0 -0.048901 
L5 0 0 0 -4.9e-05        0 0.117034 -0.032111         0 -0.002706 
L3 0 0 0       0       0 0.10575 -0.032209         0  0.000267 
T12 0 0 0       0       0 0.10575 -0.032209         0  0.000267 
T8 0 0 0        0        0 0.148747        0 -0.03222 0.082966        0  0.03222 0.082966 -0.03222        0 0.148481  0.128882         0 -0.002955 0.123512        0 0.125926 -0.03222        0  0.09478 -0.03222        0 0.000267 
Neck 0 0 0 -0.000117         0   0.09841 -0.031469         0 -0.006798 -0.019705         0 -0.059149 
Head 0 0 0 -6.1e-05        0 0.188587 -0.006844 -0.075378    0.0761 -0.006844  0.075378    0.0761 -0.064495         0  0.062535 
RightShoulder 0 0 0         0 -0.149468         0 0.122777 0.032029 0.042705         0 -0.170821  0.053381 
RightUpperArm 0 0 0            0 -5.55112e-17    -0.319471         0 -0.031947 -0.319471         0  0.037272 -0.319471 
RightForeArm 0 0 0            0 -5.55112e-17    -0.261302    -0.026619 -5.55112e-17    -0.260215     0.026619 -5.55112e-17    -0.262389  -0.026619 2.1684e-19   0.001086 
RightHand 0 0 0            0 -2.77556e-17    -0.195422    -0.042715 -2.77556e-17    -0.112127 -0.021358  0.010679 -0.037376 
LeftShoulder 0 0 0        0 0.149468        0  0.122777 -0.032029  0.042705        0 0.170821 0.053381 
LeftUpperArm 0 0 0           0 5.55112e-17   -0.319471         0  0.031947 -0.319471         0 -0.037272 -0.319471 
LeftForeArm 0 0 0           0 5.55112e-17   -0.261302   -0.026619 5.55112e-17   -0.260215    0.026619 5.55112e-17   -0.262389   -0.026619 -2.1684e-19    0.001086 
LeftHand 0 0 0           0 2.77556e-17   -0.195422   -0.042715 2.77556e-17   -0.112127 -0.021358 -0.010679 -0.037376 
RightUpperLeg 0 0 0   1.3e-05         0 -0.445562  0.001598 -0.074843  -0.03324 -0.007469 -0.042767 -0.445788 -0.007469  0.037422 -0.445788  0.037385         0 -0.443631 
RightLowerLeg 0 0 0   2.2e-05         0 -0.435805 -0.007467 -0.042874 -0.000742 -0.007467  0.037515 -0.000742   1.1e-05 -0.032156 -0.435672   1.1e-05  0.032156 -0.435672  0.061815         0 -0.032736 
RightFoot 0 0 0  0.153354         0 -0.068011 -0.043704         0 -0.083809  0.121136  0.037594 -0.083676  0.121136 -0.039683 -0.083676  0.143066         0 -0.083676         0         0 -0.083676  0.107561  0.010443 -0.021019 
RightToe 0 0 0  0.067943         0 -0.015997 -0.033216  0.038393 -0.015997 -0.033216 -0.040525 -0.015997 
LeftUpperLeg 0 0 0   1.3e-05         0 -0.445562 0.001598 0.074843 -0.03324 -0.007469  0.042767 -0.445788 -0.007469 -0.037422 -0.445788  0.037385         0 -0.443631 
LeftLowerLeg 0 0 0   2.2e-05         0 -0.435805 -0.007467  0.042874 -0.000742 -0.007467 -0.037515 -0.000742   1.1e-05  0.032156 -0.435672   1.1e-05 -0.032156 -0.435672  0.061815         0 -0.032736 
LeftFoot 0 0 0  0.153354         0 -0.068011 -0.043704         0 -0.083809  0.121136 -0.037594 -0.083676  0.121136  0.039683 -0.083676  0.143066         0 -0.083676         0         0 -0.083676  0.107561 -0.010443 -0.021019 
LeftToe 0 0 0  0.067943         0 -0.015997 -0.033216 -0.038393 -0.015997 -0.033216  0.040525 -0.015997 
