Pelvis -0.0624621 -0.0123669 0.106161 0.0705741 0.399794 -0.0313374 -0.913347
L5 0 0 0 1 0 0 0
L3 0 0 0 1 0 0 0
T12 0 0 0 1 0 0 0
T8 0.149368 -0.000145963 0.0838707 0.054842 -0.502234 -0.0748577 -0.859738
Neck 0 0 0 1 0 0 0
Head -0.0732838 0.00116902 0.0839087 0.0118513 -0.464799 0.0271057 -0.884922
RightShoulder -0.0200622 -0.0517754 -0.0620868 0.796296 0.292118 -0.13824 -0.511341
RightUpperArm -0.0477226 -2.77556e-17 -0.00876318 0.758323 0.0642337 -0.168119 -0.626545
RightForeArm 0.00493368 -2.77556e-17 0.100338 0.391631 -0.635753 0.464481 -0.476132
RightHand -0.00552995 -1.38778e-17 0.0250874 0.732959 0.10634 -0.0441425 -0.670459
LeftShoulder -0.0199767 0.0515495 -0.0632723 0.604275 -0.493035 -0.161275 0.60478
LeftUpperArm -0.0193849 2.77556e-17 0.00936729 0.686503 -0.273927 -0.323174 0.59096
LeftForeArm -0.0122588 2.77556e-17 -0.00163766 0.462691 0.559332 0.443563 0.525656
LeftHand 0.00958628 1.38778e-17 0.0208902 0.586472 -0.120733 0.00975933 0.800862
RightUpperLeg 0.0102443 -0.0494032 -0.271178 0.493593 0.545087 0.516402 -0.438833
RightLowerLeg 0.0322188 0.00464507 -0.140649 0.617866 -0.341836 0.678534 0.202442
RightFoot 0.0893568 -0.00285969 -0.0112133 0.957445 -0.0209185 0.287164 -0.0199713
RightToe 0 0 0 1 0 0 0
LeftUpperLeg 0.016539 0.0451047 -0.269399 0.346527 -0.635077 0.465837 0.509503
LeftLowerLeg 0.0380167 -0.00511063 -0.13089 0.451706 0.481554 0.620613 -0.422974
LeftFoot 0.0885542 0.00423075 -0.0113087 0.940805 -0.171879 0.208244 0.204886
LeftToe 0 0 0 1 0 0 0
Pelvis 0 0 0  2.7e-05        0 0.105764  -1.4e-05 -0.085676 -0.000133  -1.4e-05  0.085676 -0.000133   -0.0212 -0.053548  0.108738  -0.0212 0.053548 0.108738  0.072514 -0.128514  0.077645 0.072514 0.128514 0.077645  0.037507 -0.107095  0.156573 0.037507 0.107095 0.156573 -0.058816 -0.053548 -0.048901 -0.058816  0.053548 -0.048901 -0.072514         0  0.027853 -0.058816         0 -0.048901 
L5 0 0 0 -4.9e-05        0 0.117034 -0.032111         0 -0.002706 
L3 0 0 0       0       0 0.10575 -0.032209         0  0.000267 
T12 0 0 0       0       0 0.10575 -0.032209         0  0.000267 
T8 0 0 0        0        0 0.148747        0 -0.03222 0.082966        0  0.03222 0.082966 -0.03222        0 0.148481  0.128882         0 -0.002955 0.123512        0 0.125926 -0.03222        0  0.09478 -0.03222        0 0.000267 
Neck 0 0 0 -0.000117         0   0.09841 -0.031469         0 -0.006798 -0.019705         0 -0.059149 
Head 0 0 0 -6.1e-05        0 0.188587 -0.006844 -0.075378    0.0761 -0.006844  0.075378    0.0761 -0.064495         0  0.062535 
RightShoulder 0 0 0         0 -0.149468         0 0.122777 0.032029 0.042705         0 -0.170821  0.053381 
RightUpperArm 0 0 0            0 -5.55112e-17    -0.319471         0 -0.031947 -0.319471         0  0.037272 -0.319471 
RightForeArm 0 0 0            0 -5.55112e-17    -0.261302    -0.026619 -5.55112e-17    -0.260215     0.026619 -5.55112e-17    -0.262389  -0.026619 2.1684e-19   0.001086 
RightHand 0 0 0            0 -2.77556e-17    -0.195422    -0.042715 -2.77556e-17    -0.112127 -0.021358  0.010679 -0.037376 
LeftShoulder 0 0 0        0 0.149468        0  0.122777 -0.032029  0.042705        0 0.170821 0.053381 
LeftUpperArm 0 0 0           0 5.55112e-17   -0.319471         0  0.031947 -0.319471         0 -0.037272 -0.319471 
LeftForeArm 0 0 0           0 5.55112e-17   -0.261302   -0.026619 5.55112e-17   -0.260215    0.026619 5.55112e-17   -0.262389   -0.026619 -2.1684e-19    0.001086 
LeftHand 0 0 0           0 2.77556e-17   -0.195422   -0.042715 2.77556e-17   -0.112127 -0.021358 -0.010679 -0.037376 
RightUpperLeg 0 0 0   1.3e-05         0 -0.445562  0.001598 -0.074843  -0.03324 -0.007469 -0.042767 -0.445788 -0.007469  0.037422 -0.445788  0.037385         0 -0.443631 
RightLowerLeg 0 0 0   2.2e-05         0 -0.435805 -0.007467 -0.042874 -0.000742 -0.007467  0.037515 -0.000742   1.1e-05 -0.032156 -0.435672   1.1e-05  0.032156 -0.435672  0.061815         0 -0.032736 
RightFoot 0 0 0  0.153354         0 -0.068011 -0.043704         0 -0.083809  0.121136  0.037594 -0.083676  0.121136 -0.039683 -0.083676  0.143066         0 -0.083676         0         0 -0.083676  0.107561  0.010443 -0.021019 
RightToe 0 0 0  0.067943         0 -0.015997 -0.033216  0.038393 -0.015997 -0.033216 -0.040525 -0.015997 
LeftUpperLeg 0 0 0   1.3e-05         0 -0.445562 0.001598 0.074843 -0.03324 -0.007469  0.042767 -0.445788 -0.007469 -0.037422 -0.445788  0.037385         0 -0.443631 
LeftLowerLeg 0 0 0   2.2e-05         0 -0.435805 -0.007467  0.042874 -0.000742 -0.007467 -0.037515 -0.000742   1.1e-05  0.032156 -0.435672   1.1e-05 -0.032156 -0.435672  0.061815         0 -0.032736 
LeftFoot 0 0 0  0.153354         0 -0.068011 -0.043704         0 -0.083809  0.121136 -0.037594 -0.083676  0.121136  0.039683 -0.083676  0.143066         0 -0.083676         0         0 -0.083676  0.107561 -0.010443 -0.021019 
LeftToe 0 0 0  0.067943         0 -0.015997 -0.033216 -0.038393 -0.015997 -0.033216  0.040525 -0.015997 
