Pelvis -0.0579776 -0.00373358 0.101843 0.923565 -0.0359409 -0.371245 0.0889574
L5 0 0 0 1 0 0 0
L3 0 0 0 1 0 0 0
T12 0 0 0 1 0 0 0
T8 0.150451 0.000682425 0.0838213 0.0919915 -0.470176 -0.0330997 -0.877141
Neck 0 0 0 1 0 0 0
Head -0.0715116 0.00108212 0.0858098 0.588254 0.68281 -0.425972 -0.0792106
RightShoulder -0.0203382 -0.0543957 -0.0635173 0.721849 0.242462 -0.0801757 -0.643209
RightUpperArm -0.00480436 -2.77556e-17 -0.00452243 0.617433 -0.29255 0.205601 -0.700657
RightForeArm -0.0232813 -2.77556e-17 0.00470842 0.748171 -0.266566 0.15938 -0.586328
RightHand -0.000622879 -1.38778e-17 0.0216075 0.732569 -0.0299919 0.113625 -0.670471
LeftShoulder -0.0223294 0.0554927 -0.0632084 0.562312 -0.244875 -0.125467 0.779807
LeftUpperArm 0.0056542 2.77556e-17 0.0115196 0.673028 -0.121903 -0.207241 0.699445
LeftForeArm 0.0042644 2.77556e-17 -0.00296607 0.769247 0.0238508 -0.126043 0.625941
LeftHand 0.00580935 1.38778e-17 0.0258122 0.681381 -0.114709 -0.039844 0.721785
RightUpperLeg 0.0133486 -0.0443607 -0.265972 0.52432 0.397884 0.616106 -0.432654
RightLowerLeg 0.0326619 0.00607773 -0.142994 0.27574 -0.704668 -0.3177 -0.571383
RightFoot 0.0898492 -0.00124596 -0.0109193 0.959563 -0.0157025 0.281021 -0.00455709
RightToe 0 0 0 1 0 0 0
LeftUpperLeg 0.0141055 0.0458939 -0.267342 0.32843 -0.625828 0.363123 0.607137
LeftLowerLeg 0.0356299 -0.00443407 -0.140856 -0.0731118 -0.733777 0.119751 -0.664745
LeftFoot 0.0887305 0.00127539 -0.00965177 0.939297 -0.211543 0.190591 0.191435
LeftToe 0 0 0 1 0 0 0
Pelvis 0 0 0  2.7e-05        0 0.105764  -1.4e-05 -0.085676 -0.000133  -1.4e-05  0.085676 -0.000133   -0.0212 -0.053548  0.108738  -0.0212 0.053548 0.108738  0.072514 -0.128514  0.077645 0.072514 0.128514 0.077645  0.037507 -0.107095  0.156573 0.037507 0.107095 0.156573 -0.058816 -0.053548 -0.048901 -0.058816  0.053548 -0.048901 -0.072514         0  0.027853 -0.058816         0 -0.048901 
L5 0 0 0 -4.9e-05        0 0.117034 -0.032111         0 -0.002706 
L3 0 0 0       0       0 0.10575 -0.032209         0  0.000267 
T12 0 0 0       0       0 0.10575 -0.032209         0  0.000267 
T8 0 0 0        0        0 0.148747        0 -0.03222 0.082966        0  0.03222 0.082966 -0.03222        0 0.148481  0.128882         0 -0.002955 0.123512        0 0.125926 -0.03222        0  0.09478 -0.03222        0 0.000267 
Neck 0 0 0 -0.000117         0   0.09841 -0.031469         0 -0.006798 -0.019705         0 -0.059149 
Head 0 0 0 -6.1e-05        0 0.188587 -0.006844 -0.075378    0.0761 -0.006844  0.075378    0.0761 -0.064495         0  0.062535 
RightShoulder 0 0 0         0 -0.149468         0 0.122777 0.032029 0.042705         0 -0.170821  0.053381 
RightUpperArm 0 0 0            0 -5.55112e-17    -0.319471         0 -0.031947 -0.319471         0  0.037272 -0.319471 
RightForeArm 0 0 0            0 -5.55112e-17    -0.261302    -0.026619 -5.55112e-17    -0.260215     0.026619 -5.55112e-17    -0.262389  -0.026619 2.1684e-19   0.001086 
RightHand 0 0 0            0 -2.77556e-17    -0.195422    -0.042715 -2.77556e-17    -0.112127 -0.021358  0.010679 -0.037376 
LeftShoulder 0 0 0        0 0.149468        0  0.122777 -0.032029  0.042705        0 0.170821 0.053381 
LeftUpperArm 0 0 0           0 5.55112e-17   -0.319471         0  0.031947 -0.319471         0 -0.037272 -0.319471 
LeftForeArm 0 0 0           0 5.55112e-17   -0.261302   -0.026619 5.55112e-17   -0.260215    0.026619 5.55112e-17   -0.262389   -0.026619 -2.1684e-19    0.001086 
LeftHand 0 0 0           0 2.77556e-17   -0.195422   -0.042715 2.77556e-17   -0.112127 -0.021358 -0.010679 -0.037376 
RightUpperLeg 0 0 0   1.3e-05         0 -0.445562  0.001598 -0.074843  -0.03324 -0.007469 -0.042767 -0.445788 -0.007469  0.037422 -0.445788  0.037385         0 -0.443631 
RightLowerLeg 0 0 0   2.2e-05         0 -0.435805 -0.007467 -0.042874 -0.000742 -0.007467  0.037515 -0.000742   1.1e-05 -0.032156 -0.435672   1.1e-05  0.032156 -0.435672  0.061815         0 -0.032736 
RightFoot 0 0 0  0.153354         0 -0.068011 -0.043704         0 -0.083809  0.121136  0.037594 -0.083676  0.121136 -0.039683 -0.083676  0.143066         0 -0.083676         0         0 -0.083676  0.107561  0.010443 -0.021019 
RightToe 0 0 0  0.067943         0 -0.015997 -0.033216  0.038393 -0.015997 -0.033216 -0.040525 -0.015997 
LeftUpperLeg 0 0 0   1.3e-05         0 -0.445562 0.001598 0.074843 -0.03324 -0.007469  0.042767 -0.445788 -0.007469 -0.037422 -0.445788  0.037385         0 -0.443631 
LeftLowerLeg 0 0 0   2.2e-05         0 -0.435805 -0.007467  0.042874 -0.000742 -0.007467 -0.037515 -0.000742   1.1e-05  0.032156 -0.435672   1.1e-05 -0.032156 -0.435672  0.061815         0 -0.032736 
LeftFoot 0 0 0  0.153354         0 -0.068011 -0.043704         0 -0.083809  0.121136 -0.037594 -0.083676  0.121136  0.039683 -0.083676  0.143066         0 -0.083676         0         0 -0.083676  0.107561 -0.010443 -0.021019 
LeftToe 0 0 0  0.067943         0 -0.015997 -0.033216 -0.038393 -0.015997 -0.033216  0.040525 -0.015997 
