Pelvis -0.0480205 0.000513149 0.101089 0.070285 0.398463 -0.0283369 -0.914049
L5 0 0 0 1 0 0 0
L3 0 0 0 1 0 0 0
T12 0 0 0 1 0 0 0
T8 0.162902 -0.00556774 0.066956 0.054847 -0.502255 -0.0748321 -0.859728
Neck 0 0 0 1 0 0 0
Head -0.0752757 0.00931091 0.0841645 0.0118435 -0.464839 0.0271276 -0.884901
RightShoulder -0.0246493 -0.0504652 -0.0629678 0.796284 0.29211 -0.138197 -0.511375
RightUpperArm -0.0373706 -2.77556e-17 0.000797427 0.75831 0.0642305 -0.168092 -0.626566
RightForeArm -0.032513 -2.77556e-17 -0.0152624 0.39165 -0.635726 0.46448 -0.476153
RightHand -0.00509532 -1.38778e-17 0.0447943 0.732957 0.106337 -0.0441479 -0.670461
LeftShoulder -0.0257032 0.0543101 -0.0597097 0.604288 -0.493011 -0.161247 0.604795
LeftUpperArm -0.0436001 2.77556e-17 -0.00182566 0.686501 -0.273902 -0.32316 0.590983
LeftForeArm -0.016608 2.77556e-17 -0.00129764 0.462613 0.559361 0.44363 0.525639
LeftHand -0.00359309 1.38778e-17 0.033301 0.58647 -0.120728 0.00976156 0.800864
RightUpperLeg 0.0173776 -0.0395627 -0.266939 0.495224 0.544295 0.513254 -0.441662
RightLowerLeg 0.0334995 0.00723386 -0.140548 0.615891 -0.346339 0.679184 0.198587
RightFoot 0.0934559 -0.00083705 -0.0173087 0.95719 -0.0211732 0.287728 -0.0234525
RightToe 0 0 0 1 0 0 0
LeftUpperLeg 0.0147005 0.0434972 -0.26763 0.348519 -0.632914 0.467447 0.50936
LeftLowerLeg 0.0334732 -0.00748553 -0.150247 0.450687 0.482907 0.622991 -0.419004
LeftFoot 0.0923555 0.00454241 -0.00977992 0.940676 -0.170225 0.207063 0.208031
LeftToe 0 0 0 1 0 0 0
Pelvis 0 0 0  2.7e-05        0 0.105764  -1.4e-05 -0.085676 -0.000133  -1.4e-05  0.085676 -0.000133   -0.0212 -0.053548  0.108738  -0.0212 0.053548 0.108738  0.072514 -0.128514  0.077645 0.072514 0.128514 0.077645  0.037507 -0.107095  0.156573 0.037507 0.107095 0.156573 -0.058816 -0.053548 -0.048901 -0.058816  0.053548 -0.048901 -0.072514         0  0.027853 -0.058816         0 -0.048901 
L5 0 0 0 -4.9e-05        0 0.117034 -0.032111         0 -0.002706 
L3 0 0 0       0       0 0.10575 -0.032209         0  0.000267 
T12 0 0 0       0       0 0.10575 -0.032209         0  0.000267 
T8 0 0 0        0        0 0.148747        0 -0.03222 0.082966        0  0.03222 0.082966 -0.03222        0 0.148481  0.128882         0 -0.002955 0.123512        0 0.125926 -0.03222        0  0.09478 -0.03222        0 0.000267 
Neck 0 0 0 -0.000117         0   0.09841 -0.031469         0 -0.006798 -0.019705         0 -0.059149 
Head 0 0 0 -6.1e-05        0 0.188587 -0.006844 -0.075378    0.0761 -0.006844  0.075378    0.0761 -0.064495         0  0.062535 
RightShoulder 0 0 0         0 -0.149468         0 0.122777 0.032029 0.042705         0 -0.170821  0.053381 
RightUpperArm 0 0 0            0 -5.55112e-17    -0.319471         0 -0.031947 -0.319471         0  0.037272 -0.319471 
RightForeArm 0 0 0            0 -5.55112e-17    -0.261302    -0.026619 -5.55112e-17    -0.260215     0.026619 -5.55112e-17    -0.262389  -0.026619 2.1684e-19   0.001086 
RightHand 0 0 0            0 -2.77556e-17    -0.195422    -0.042715 -2.77556e-17    -0.112127 -0.021358  0.010679 -0.037376 
LeftShoulder 0 0 0        0 0.149468        0  0.122777 -0.032029  0.042705        0 0.170821 0.053381 
LeftUpperArm 0 0 0           0 5.55112e-17   -0.319471         0  0.031947 -0.319471         0 -0.037272 -0.319471 
LeftForeArm 0 0 0           0 5.55112e-17   -0.261302   -0.026619 5.55112e-17   -0.260215    0.026619 5.55112e-17   -0.262389   -0.026619 -2.1684e-19    0.001086 
LeftHand 0 0 0           0 2.77556e-17   -0.195422   -0.042715 2.77556e-17   -0.112127 -0.021358 -0.010679 -0.037376 
RightUpperLeg 0 0 0   1.3e-05         0 -0.445562  0.001598 -0.074843  -0.03324 -0.007469 -0.042767 -0.445788 -0.007469  0.037422 -0.445788  0.037385         0 -0.443631 
RightLowerLeg 0 0 0   2.2e-05         0 -0.435805 -0.007467 -0.042874 -0.000742 -0.007467  0.037515 -0.000742   1.1e-05 -0.032156 -0.435672   1.1e-05  0.032156 -0.435672  0.061815         0 -0.032736 
RightFoot 0 0 0  0.153354         0 -0.068011 -0.043704         0 -0.083809  0.121136  0.037594 -0.083676  0.121136 -0.039683 -0.083676  0.143066         0 -0.083676         0         0 -0.083676  0.107561  0.010443 -0.021019 
RightToe 0 0 0  0.067943         0 -0.015997 -0.033216  0.038393 -0.015997 -0.033216 -0.040525 -0.015997 
LeftUpperLeg 0 0 0   1.3e-05         0 -0.445562 0.001598 0.074843 -0.03324 -0.007469  0.042767 -0.445788 -0.007469 -0.037422 -0.445788  0.037385         0 -0.443631 
LeftLowerLeg 0 0 0   2.2e-05         0 -0.435805 -0.007467  0.042874 -0.000742 -0.007467 -0.037515 -0.000742   1.1e-05  0.032156 -0.435672   1.1e-05 -0.032156 -0.435672  0.061815         0 -0.032736 
LeftFoot 0 0 0  0.153354         0 -0.068011 -0.043704         0 -0.083809  0.121136 -0.037594 -0.083676  0.121136  0.039683 -0.083676  0.143066         0 -0.083676         0         0 -0.083676  0.107561 -0.010443 -0.021019 
LeftToe 0 0 0  0.067943         0 -0.015997 -0.033216 -0.038393 -0.015997 -0.033216  0.040525 -0.015997 
