Pelvis -0.0629333 0.00104706 0.109857 0.92343 -0.0364679 -0.371338 0.0897601
L5 0 0 0 1 0 0 0
L3 0 0 0 1 0 0 0
T12 0 0 0 1 0 0 0
T8 0.150338 6.78859e-05 0.083378 0.0919852 -0.4702 -0.0330862 -0.877129
Neck 0 0 0 1 0 0 0
Head -0.0747795 0.000127706 0.082661 0.588288 0.682775 -0.425968 -0.0792832
RightShoulder -0.0214296 -0.0528515 -0.0633015 0.721833 0.242464 -0.0801616 -0.643228
RightUpperArm -0.017028 -2.77556e-17 -0.00523377 0.61743 -0.292548 0.205605 -0.700658
RightForeArm -0.0513279 -2.77556e-17 0.00503685 0.74816 -0.266572 0.159382 -0.586339
RightHand -0.00645484 -1.38778e-17 0.0499757 0.732569 -0.0299904 0.113623 -0.670473
LeftShoulder -0.0208155 0.0528548 -0.0640965 0.562332 -0.244859 -0.125454 0.7798
LeftUpperArm -0.0107115 2.77556e-17 0.0113436 0.673027 -0.121892 -0.207231 0.699451
LeftForeArm -0.0295024 2.77556e-17 -0.0147374 0.769236 0.0238631 -0.126026 0.62596
LeftHand -0.0111374 1.38778e-17 0.0325543 0.681379 -0.114708 -0.0398413 0.721787
RightUpperLeg 0.0128051 -0.0481617 -0.274971 0.521149 0.401941 0.617575 -0.430638
RightLowerLeg 0.032711 0.00766735 -0.141894 0.277493 -0.704631 -0.317519 -0.570679
RightFoot 0.0888519 0.0015463 -0.011202 0.959149 -0.016113 0.282427 -0.00261054
RightToe 0 0 0 1 0 0 0
LeftUpperLeg 0.0130027 0.0449404 -0.267507 0.325079 -0.628528 0.363044 0.606197
LeftLowerLeg 0.0329746 -0.007615 -0.141838 -0.0744639 -0.733146 0.120331 -0.665186
LeftFoot 0.0888834 -0.00129582 -0.0110998 0.938663 -0.211231 0.192287 0.193183
LeftToe 0 0 0 1 0 0 0
Pelvis 0 0 0  2.7e-05        0 0.105764  -1.4e-05 -0.085676 -0.000133  -1.4e-05  0.085676 -0.000133   -0.0212 -0.053548  0.108738  -0.0212 0.053548 0.108738  0.072514 -0.128514  0.077645 0.072514 0.128514 0.077645  0.037507 -0.107095  0.156573 0.037507 0.107095 0.156573 -0.058816 -0.053548 -0.048901 -0.058816  0.053548 -0.048901 -0.072514         0  0.027853 -0.058816         0 -0.048901 
L5 0 0 0 -4.9e-05        0 0.117034 -0.032111         0 -0.002706 
L3 0 0 0       0       0 0.10575 -0.032209         0  0.000267 
T12 0 0 0       0       0 0.10575 -0.032209         0  0.000267 
T8 0 0 0        0        0 0.148747        0 -0.03222 0.082966        0  0.03222 0.082966 -0.03222        0 0.148481  0.128882         0 -0.002955 0.123512        0 0.125926 -0.03222        0  0.09478 -0.03222        0 0.000267 
Neck 0 0 0 -0.000117         0   0.09841 -0.031469         0 -0.006798 -0.019705         0 -0.059149 
Head 0 0 0 -6.1e-05        0 0.188587 -0.006844 -0.075378    0.0761 -0.006844  0.075378    0.0761 -0.064495         0  0.062535 
RightShoulder 0 0 0         0 -0.149468         0 0.122777 0.032029 0.042705         0 -0.170821  0.053381 
RightUpperArm 0 0 0            0 -5.55112e-17    -0.319471         0 -0.031947 -0.319471         0  0.037272 -0.319471 
RightForeArm 0 0 0            0 -5.55112e-17    -0.261302    -0.026619 -5.55112e-17    -0.260215     0.026619 -5.55112e-17    -0.262389  -0.026619 2.1684e-19   0.001086 
RightHand 0 0 0            0 -2.77556e-17    -0.195422    -0.042715 -2.77556e-17    -0.112127 -0.021358  0.010679 -0.037376 
LeftShoulder 0 0 0        0 0.149468        0  0.122777 -0.032029  0.042705        0 0.170821 0.053381 
LeftUpperArm 0 0 0           0 5.55112e-17   -0.319471         0  0.031947 -0.319471         0 -0.037272 -0.319471 
LeftForeArm 0 0 0           0 5.55112e-17   -0.261302   -0.026619 5.55112e-17   -0.260215    0.026619 5.55112e-17   -0.262389   -0.026619 -2.1684e-19    0.001086 
LeftHand 0 0 0           0 2.77556e-17   -0.195422   -0.042715 2.77556e-17   -0.112127 -0.021358 -0.010679 -0.037376 
RightUpperLeg 0 0 0   1.3e-05         0 -0.445562  0.001598 -0.074843  -0.03324 -0.007469 -0.042767 -0.445788 -0.007469  0.037422 -0.445788  0.037385         0 -0.443631 
RightLowerLeg 0 0 0   2.2e-05         0 -0.435805 -0.007467 -0.042874 -0.000742 -0.007467  0.037515 -0.000742   1.1e-05 -0.032156 -0.435672   1.1e-05  0.032156 -0.435672  0.061815         0 -0.032736 
RightFoot 0 0 0  0.153354         0 -0.068011 -0.043704         0 -0.083809  0.121136  0.037594 -0.083676  0.121136 -0.039683 -0.083676  0.143066         0 -0.083676         0         0 -0.083676  0.107561  0.010443 -0.021019 
RightToe 0 0 0  0.067943         0 -0.015997 -0.033216  0.038393 -0.015997 -0.033216 -0.040525 -0.015997 
LeftUpperLeg 0 0 0   1.3e-05         0 -0.445562 0.001598 0.074843 -0.03324 -0.007469  0.042767 -0.445788 -0.007469 -0.037422 -0.445788  0.037385         0 -0.443631 
LeftLowerLeg 0 0 0   2.2e-05         0 -0.435805 -0.007467  0.042874 -0.000742 -0.007467 -0.037515 -0.000742   1.1e-05  0.032156 -0.435672   1.1e-05 -0.032156 -0.435672  0.061815         0 -0.032736 
LeftFoot 0 0 0  0.153354         0 -0.068011 -0.043704         0 -0.083809  0.121136 -0.037594 -0.083676  0.121136  0.039683 -0.083676  0.143066         0 -0.083676         0         0 -0.083676  0.107561 -0.010443 -0.021019 
LeftToe 0 0 0  0.067943         0 -0.015997 -0.033216 -0.038393 -0.015997 -0.033216  0.040525 -0.015997 
