Pelvis -0.0596666 -9.33038e-05 0.102423 0.923374 -0.0366206 -0.371339 0.0902647
L5 0 0 0 1 0 0 0
L3 0 0 0 1 0 0 0
T12 0 0 0 1 0 0 0
T8 0.150699 -0.000215852 0.0833888 0.091984 -0.470177 -0.0331034 -0.877141
Neck 0 0 0 1 0 0 0
Head -0.0669288 -0.00325961 0.0894353 0.58826 0.682791 -0.425985 -0.0792555
RightShoulder -0.0212343 -0.053088 -0.063355 0.721841 0.242461 -0.080182 -0.643216
RightUpperArm -0.0185289 -2.77556e-17 -0.0239759 0.617436 -0.292554 0.205608 -0.700649
RightForeArm -0.0352272 -2.77556e-17 0.0244567 0.748161 -0.266579 0.159387 -0.586333
RightHand -0.00431389 -1.38778e-17 0.0302165 0.732569 -0.0299925 0.113624 -0.670473
LeftShoulder -0.00905864 0.0448825 -0.073258 0.562316 -0.24489 -0.125461 0.779802
LeftUpperArm -0.00301167 2.77556e-17 0.0251302 0.673031 -0.121914 -0.207235 0.699443
LeftForeArm -0.0348676 2.77556e-17 0.00264843 0.769231 0.023836 -0.126041 0.625963
LeftHand -0.00858316 1.38778e-17 0.0320529 0.681379 -0.114711 -0.0398442 0.721789
RightUpperLeg 0.0126168 -0.0453232 -0.267321 0.522395 0.401587 0.614798 -0.433421
RightLowerLeg 0.0327576 0.00789502 -0.141802 0.275938 -0.704428 -0.319905 -0.57035
RightFoot 0.0888482 0.00156676 -0.0111784 0.95922 -0.0164645 0.282162 -0.00321199
RightToe 0 0 0 1 0 0 0
LeftUpperLeg 0.0125769 0.0440877 -0.267388 0.326878 -0.626756 0.363127 0.607013
LeftLowerLeg 0.0328621 -0.00763734 -0.141841 -0.0721838 -0.73409 0.121359 -0.664208
LeftFoot 0.0888516 -0.00145962 -0.0111212 0.938621 -0.210719 0.193014 0.193216
LeftToe 0 0 0 1 0 0 0
Pelvis 0 0 0  2.7e-05        0 0.105764  -1.4e-05 -0.085676 -0.000133  -1.4e-05  0.085676 -0.000133   -0.0212 -0.053548  0.108738  -0.0212 0.053548 0.108738  0.072514 -0.128514  0.077645 0.072514 0.128514 0.077645  0.037507 -0.107095  0.156573 0.037507 0.107095 0.156573 -0.058816 -0.053548 -0.048901 -0.058816  0.053548 -0.048901 -0.072514         0  0.027853 -0.058816         0 -0.048901 
L5 0 0 0 -4.9e-05        0 0.117034 -0.032111         0 -0.002706 
L3 0 0 0       0       0 0.10575 -0.032209         0  0.000267 
T12 0 0 0       0       0 0.10575 -0.032209         0  0.000267 
T8 0 0 0        0        0 0.148747        0 -0.03222 0.082966        0  0.03222 0.082966 -0.03222        0 0.148481  0.128882         0 -0.002955 0.123512        0 0.125926 -0.03222        0  0.09478 -0.03222        0 0.000267 
Neck 0 0 0 -0.000117         0   0.09841 -0.031469         0 -0.006798 -0.019705         0 -0.059149 
Head 0 0 0 -6.1e-05        0 0.188587 -0.006844 -0.075378    0.0761 -0.006844  0.075378    0.0761 -0.064495         0  0.062535 
RightShoulder 0 0 0         0 -0.149468         0 0.122777 0.032029 0.042705         0 -0.170821  0.053381 
RightUpperArm 0 0 0            0 -5.55112e-17    -0.319471         0 -0.031947 -0.319471         0  0.037272 -0.319471 
RightForeArm 0 0 0            0 -5.55112e-17    -0.261302    -0.026619 -5.55112e-17    -0.260215     0.026619 -5.55112e-17    -0.262389  -0.026619 2.1684e-19   0.001086 
RightHand 0 0 0            0 -2.77556e-17    -0.195422    -0.042715 -2.77556e-17    -0.112127 -0.021358  0.010679 -0.037376 
LeftShoulder 0 0 0        0 0.149468        0  0.122777 -0.032029  0.042705        0 0.170821 0.053381 
LeftUpperArm 0 0 0           0 5.55112e-17   -0.319471         0  0.031947 -0.319471         0 -0.037272 -0.319471 
LeftForeArm 0 0 0           0 5.55112e-17   -0.261302   -0.026619 5.55112e-17   -0.260215    0.026619 5.55112e-17   -0.262389   -0.026619 -2.1684e-19    0.001086 
LeftHand 0 0 0           0 2.77556e-17   -0.195422   -0.042715 2.77556e-17   -0.112127 -0.021358 -0.010679 -0.037376 
RightUpperLeg 0 0 0   1.3e-05         0 -0.445562  0.001598 -0.074843  -0.03324 -0.007469 -0.042767 -0.445788 -0.007469  0.037422 -0.445788  0.037385         0 -0.443631 
RightLowerLeg 0 0 0   2.2e-05         0 -0.435805 -0.007467 -0.042874 -0.000742 -0.007467  0.037515 -0.000742   1.1e-05 -0.032156 -0.435672   1.1e-05  0.032156 -0.435672  0.061815         0 -0.032736 
RightFoot 0 0 0  0.153354         0 -0.068011 -0.043704         0 -0.083809  0.121136  0.037594 -0.083676  0.121136 -0.039683 -0.083676  0.143066         0 -0.083676         0         0 -0.083676  0.107561  0.010443 -0.021019 
RightToe 0 0 0  0.067943         0 -0.015997 -0.033216  0.038393 -0.015997 -0.033216 -0.040525 -0.015997 
LeftUpperLeg 0 0 0   1.3e-05         0 -0.445562 0.001598 0.074843 -0.03324 -0.007469  0.042767 -0.445788 -0.007469 -0.037422 -0.445788  0.037385         0 -0.443631 
LeftLowerLeg 0 0 0   2.2e-05         0 -0.435805 -0.007467  0.042874 -0.000742 -0.007467 -0.037515 -0.000742   1.1e-05  0.032156 -0.435672   1.1e-05 -0.032156 -0.435672  0.061815         0 -0.032736 
LeftFoot 0 0 0  0.153354         0 -0.068011 -0.043704         0 -0.083809  0.121136 -0.037594 -0.083676  0.121136  0.039683 -0.083676  0.143066         0 -0.083676         0         0 -0.083676  0.107561 -0.010443 -0.021019 
LeftToe 0 0 0  0.067943         0 -0.015997 -0.033216 -0.038393 -0.015997 -0.033216  0.040525 -0.015997 
