Pelvis -0.0588919 -0.00140933 0.0959291 0.0704595 0.398998 -0.0308614 -0.913719
L5 0 0 0 1 0 0 0
L3 0 0 0 1 0 0 0
T12 0 0 0 1 0 0 0
T8 0.149185 -0.00139437 0.0838328 0.0548469 -0.502254 -0.0748456 -0.859727
Neck 0 0 0 1 0 0 0
Head -0.0704064 -0.00833741 0.0835754 0.0118395 -0.4648 0.0271273 -0.884921
RightShoulder -0.0255629 -0.0503223 -0.0641184 0.796288 0.292109 -0.138217 -0.511365
RightUpperArm -0.0460098 -2.77556e-17 -0.00302628 0.758313 0.0642413 -0.168104 -0.626558
RightForeArm 0.00693702 -2.77556e-17 0.0400757 0.391658 -0.635728 0.464469 -0.476152
RightHand 0.000445247 -1.38778e-17 0.0338143 0.732958 0.106336 -0.0441462 -0.67046
LeftShoulder -0.0172984 0.0523224 -0.0583967 0.604274 -0.493023 -0.161252 0.604797
LeftUpperArm -0.0342123 2.77556e-17 0.00770216 0.686502 -0.273914 -0.323156 0.590979
LeftForeArm 0.0236463 2.77556e-17 0.0819483 0.462627 0.559359 0.443623 0.525634
LeftHand -0.00258479 1.38778e-17 0.0336332 0.586471 -0.12073 0.00976108 0.800863
RightUpperLeg 0.011727 -0.0466618 -0.273824 0.497138 0.540607 0.519373 -0.436863
RightLowerLeg 0.0344448 0.00653052 -0.151756 0.617954 -0.339899 0.68007 0.200266
RightFoot 0.0879262 0.00220876 -0.0120338 0.957138 -0.0218263 0.288364 -0.0160586
RightToe 0 0 0 1 0 0 0
LeftUpperLeg 0.0134311 0.0418086 -0.271021 0.337764 -0.642301 0.460231 0.511423
LeftLowerLeg 0.028947 -0.0120451 -0.141198 0.44935 0.485767 0.617711 -0.424909
LeftFoot 0.0948547 -0.00237049 -0.0122629 0.940813 -0.173836 0.206753 0.204712
LeftToe 0 0 0 1 0 0 0
Pelvis 0 0 0  2.7e-05        0 0.105764  -1.4e-05 -0.085676 -0.000133  -1.4e-05  0.085676 -0.000133   -0.0212 -0.053548  0.108738  -0.0212 0.053548 0.108738  0.072514 -0.128514  0.077645 0.072514 0.128514 0.077645  0.037507 -0.107095  0.156573 0.037507 0.107095 0.156573 -0.058816 -0.053548 -0.048901 -0.058816  0.053548 -0.048901 -0.072514         0  0.027853 -0.058816         0 -0.048901 
L5 0 0 0 -4.9e-05        0 0.117034 -0.032111         0 -0.002706 
L3 0 0 0       0       0 0.10575 -0.032209         0  0.000267 
T12 0 0 0       0       0 0.10575 -0.032209         0  0.000267 
T8 0 0 0        0        0 0.148747        0 -0.03222 0.082966        0  0.03222 0.082966 -0.03222        0 0.148481  0.128882         0 -0.002955 0.123512        0 0.125926 -0.03222        0  0.09478 -0.03222        0 0.000267 
Neck 0 0 0 -0.000117         0   0.09841 -0.031469         0 -0.006798 -0.019705         0 -0.059149 
Head 0 0 0 -6.1e-05        0 0.188587 -0.006844 -0.075378    0.0761 -0.006844  0.075378    0.0761 -0.064495         0  0.062535 
RightShoulder 0 0 0         0 -0.149468         0 0.122777 0.032029 0.042705         0 -0.170821  0.053381 
RightUpperArm 0 0 0            0 -5.55112e-17    -0.319471         0 -0.031947 -0.319471         0  0.037272 -0.319471 
RightForeArm 0 0 0            0 -5.55112e-17    -0.261302    -0.026619 -5.55112e-17    -0.260215     0.026619 -5.55112e-17    -0.262389  -0.026619 2.1684e-19   0.001086 
RightHand 0 0 0            0 -2.77556e-17    -0.195422    -0.042715 -2.77556e-17    -0.112127 -0.021358  0.010679 -0.037376 
LeftShoulder 0 0 0        0 0.149468        0  0.122777 -0.032029  0.042705        0 0.170821 0.053381 
LeftUpperArm 0 0 0           0 5.55112e-17   -0.319471         0  0.031947 -0.319471         0 -0.037272 -0.319471 
LeftForeArm 0 0 0           0 5.55112e-17   -0.261302   -0.026619 5.55112e-17   -0.260215    0.026619 5.55112e-17   -0.262389   -0.026619 -2.1684e-19    0.001086 
LeftHand 0 0 0           0 2.77556e-17   -0.195422   -0.042715 2.77556e-17   -0.112127 -0.021358 -0.010679 -0.037376 
RightUpperLeg 0 0 0   1.3e-05         0 -0.445562  0.001598 -0.074843  -0.03324 -0.007469 -0.042767 -0.445788 -0.007469  0.037422 -0.445788  0.037385         0 -0.443631 
RightLowerLeg 0 0 0   2.2e-05         0 -0.435805 -0.007467 -0.042874 -0.000742 -0.007467  0.037515 -0.000742   1.1e-05 -0.032156 -0.435672   1.1e-05  0.032156 -0.435672  0.061815         0 -0.032736 
RightFoot 0 0 0  0.153354         0 -0.068011 -0.043704         0 -0.083809  0.121136  0.037594 -0.083676  0.121136 -0.039683 -0.083676  0.143066         0 -0.083676         0         0 -0.083676  0.107561  0.010443 -0.021019 
RightToe 0 0 0  0.067943         0 -0.015997 -0.033216  0.038393 -0.015997 -0.033216 -0.040525 -0.015997 
LeftUpperLeg 0 0 0   1.3e-05         0 -0.445562 0.001598 0.074843 -0.03324 -0.007469  0.042767 -0.445788 -0.007469 -0.037422 -0.445788  0.037385         0 -0.443631 
LeftLowerLeg 0 0 0   2.2e-05         0 -0.435805 -0.007467  0.042874 -0.000742 -0.007467 -0.037515 -0.000742   1.1e-05  0.032156 -0.435672   1.1e-05 -0.032156 -0.435672  0.061815         0 -0.032736 
LeftFoot 0 0 0  0.153354         0 -0.068011 -0.043704         0 -0.083809  0.121136 -0.037594 -0.083676  0.121136  0.039683 -0.083676  0.143066         0 -0.083676         0         0 -0.083676  0.107561 -0.010443 -0.021019 
LeftToe 0 0 0  0.067943         0 -0.015997 -0.033216 -0.038393 -0.015997 -0.033216  0.040525 -0.015997 
