Pelvis -0.0555241 0.00256558 0.0950898 0.0700078 0.398976 -0.0308453 -0.913764
L5 0 0 0 1 0 0 0
L3 0 0 0 1 0 0 0
T12 0 0 0 1 0 0 0
T8 0.155986 -0.00425834 0.0785088 0.054845 -0.50224 -0.0748561 -0.859734
Neck 0 0 0 1 0 0 0
Head -0.0798761 0.00344749 0.0789842 0.0118448 -0.464802 0.027128 -0.884921
RightShoulder -0.0224439 -0.0546076 -0.0631311 0.79629 0.292111 -0.138222 -0.511359
RightUpperArm -0.0205852 -2.77556e-17 0.0111767 0.758316 0.0642387 -0.168092 -0.626558
RightForeArm 0.0201494 -2.77556e-17 0.173246 0.391657 -0.635728 0.464475 -0.476148
RightHand -0.00650687 -1.38778e-17 0.031032 0.732957 0.106338 -0.0441486 -0.67046
LeftShoulder -0.018426 0.0557167 -0.0589231 0.604263 -0.493035 -0.161249 0.604798
LeftUpperArm -0.0230387 2.77556e-17 0.00309786 0.686491 -0.273931 -0.323174 0.590974
LeftForeArm -0.000778853 2.77556e-17 0.0368365 0.46263 0.559346 0.443622 0.525647
LeftHand -0.00274622 1.38778e-17 0.0316322 0.586469 -0.120734 0.00975942 0.800864
RightUpperLeg 0.00875554 -0.0404599 -0.266825 0.487323 0.54979 0.518418 -0.437595
RightLowerLeg 0.0339668 0.00769973 -0.145157 0.617951 -0.340306 0.678017 0.206455
RightFoot 0.0850263 0.00155311 -0.008159 0.957205 -0.0209932 0.288031 -0.0188607
RightToe 0 0 0 1 0 0 0
LeftUpperLeg 0.0153613 0.0476777 -0.274916 0.344099 -0.637778 0.468247 0.505549
LeftLowerLeg 0.0308832 -0.00867037 -0.14844 0.45406 0.479851 0.618823 -0.425005
LeftFoot 0.0869253 -0.00478952 -0.0142404 0.942142 -0.172258 0.207314 0.199291
LeftToe 0 0 0 1 0 0 0
Pelvis 0 0 0  2.7e-05        0 0.105764  -1.4e-05 -0.085676 -0.000133  -1.4e-05  0.085676 -0.000133   -0.0212 -0.053548  0.108738  -0.0212 0.053548 0.108738  0.072514 -0.128514  0.077645 0.072514 0.128514 0.077645  0.037507 -0.107095  0.156573 0.037507 0.107095 0.156573 -0.058816 -0.053548 -0.048901 -0.058816  0.053548 -0.048901 -0.072514         0  0.027853 -0.058816         0 -0.048901 
L5 0 0 0 -4.9e-05        0 0.117034 -0.032111         0 -0.002706 
L3 0 0 0       0       0 0.10575 -0.032209         0  0.000267 
T12 0 0 0       0       0 0.10575 -0.032209         0  0.000267 
T8 0 0 0        0        0 0.148747        0 -0.03222 0.082966        0  0.03222 0.082966 -0.03222        0 0.148481  0.128882         0 -0.002955 0.123512        0 0.125926 -0.03222        0  0.09478 -0.03222        0 0.000267 
Neck 0 0 0 -0.000117         0   0.09841 -0.031469         0 -0.006798 -0.019705         0 -0.059149 
Head 0 0 0 -6.1e-05        0 0.188587 -0.006844 -0.075378    0.0761 -0.006844  0.075378    0.0761 -0.064495         0  0.062535 
RightShoulder 0 0 0         0 -0.149468         0 0.122777 0.032029 0.042705         0 -0.170821  0.053381 
RightUpperArm 0 0 0            0 -5.55112e-17    -0.319471         0 -0.031947 -0.319471         0  0.037272 -0.319471 
RightForeArm 0 0 0            0 -5.55112e-17    -0.261302    -0.026619 -5.55112e-17    -0.260215     0.026619 -5.55112e-17    -0.262389  -0.026619 2.1684e-19   0.001086 
RightHand 0 0 0            0 -2.77556e-17    -0.195422    -0.042715 -2.77556e-17    -0.112127 -0.021358  0.010679 -0.037376 
LeftShoulder 0 0 0        0 0.149468        0  0.122777 -0.032029  0.042705        0 0.170821 0.053381 
LeftUpperArm 0 0 0           0 5.55112e-17   -0.319471         0  0.031947 -0.319471         0 -0.037272 -0.319471 
LeftForeArm 0 0 0           0 5.55112e-17   -0.261302   -0.026619 5.55112e-17   -0.260215    0.026619 5.55112e-17   -0.262389   -0.026619 -2.1684e-19    0.001086 
LeftHand 0 0 0           0 2.77556e-17   -0.195422   -0.042715 2.77556e-17   -0.112127 -0.021358 -0.010679 -0.037376 
RightUpperLeg 0 0 0   1.3e-05         0 -0.445562  0.001598 -0.074843  -0.03324 -0.007469 -0.042767 -0.445788 -0.007469  0.037422 -0.445788  0.037385         0 -0.443631 
RightLowerLeg 0 0 0   2.2e-05         0 -0.435805 -0.007467 -0.042874 -0.000742 -0.007467  0.037515 -0.000742   1.1e-05 -0.032156 -0.435672   1.1e-05  0.032156 -0.435672  0.061815         0 -0.032736 
RightFoot 0 0 0  0.153354         0 -0.068011 -0.043704         0 -0.083809  0.121136  0.037594 -0.083676  0.121136 -0.039683 -0.083676  0.143066         0 -0.083676         0         0 -0.083676  0.107561  0.010443 -0.021019 
RightToe 0 0 0  0.067943         0 -0.015997 -0.033216  0.038393 -0.015997 -0.033216 -0.040525 -0.015997 
LeftUpperLeg 0 0 0   1.3e-05         0 -0.445562 0.001598 0.074843 -0.03324 -0.007469  0.042767 -0.445788 -0.007469 -0.037422 -0.445788  0.037385         0 -0.443631 
LeftLowerLeg 0 0 0   2.2e-05         0 -0.435805 -0.007467  0.042874 -0.000742 -0.007467 -0.037515 -0.000742   1.1e-05  0.032156 -0.435672   1.1e-05 -0.032156 -0.435672  0.061815         0 -0.032736 
LeftFoot 0 0 0  0.153354         0 -0.068011 -0.043704         0 -0.083809  0.121136 -0.037594 -0.083676  0.121136  0.039683 -0.083676  0.143066         0 -0.083676         0         0 -0.083676  0.107561 -0.010443 -0.021019 
LeftToe 0 0 0  0.067943         0 -0.015997 -0.033216 -0.038393 -0.015997 -0.033216  0.040525 -0.015997 
