Pelvis -0.0618835 0.00106526 0.0966961 0.923358 -0.0361185 -0.371492 0.0899999
L5 0 0 0 1 0 0 0
L3 0 0 0 1 0 0 0
T12 0 0 0 1 0 0 0
T8 0.150626 -0.000117625 0.083162 0.0919833 -0.470189 -0.0330947 -0.877135
Neck 0 0 0 1 0 0 0
Head -0.0746985 0.000719401 0.0826183 0.588265 0.682786 -0.425989 -0.0792536
RightShoulder -0.0206291 -0.0520975 -0.0629255 0.721841 0.24246 -0.0801759 -0.643217
RightUpperArm -0.0156359 -2.77556e-17 0.00353804 0.617432 -0.292555 0.205605 -0.700653
RightForeArm -0.0244041 -2.77556e-17 0.0196574 0.748161 -0.266579 0.159382 -0.586335
RightHand 0.00209423 -1.38778e-17 0.0324999 0.732568 -0.0299917 0.113623 -0.670473
LeftShoulder -0.0216338 0.0540914 -0.0635954 0.562322 -0.244878 -0.125461 0.7798
LeftUpperArm -0.0250572 2.77556e-17 0.0113548 0.673034 -0.1219 -0.207232 0.699443
LeftForeArm -0.0204506 2.77556e-17 0.00438372 0.769241 0.023853 -0.126032 0.625952
LeftHand -0.00232618 1.38778e-17 0.030979 0.68138 -0.114708 -0.0398432 0.721786
RightUpperLeg 0.012858 -0.0455859 -0.267203 0.521735 0.402374 0.616701 -0.430777
RightLowerLeg 0.0324213 0.00836543 -0.141318 0.276397 -0.704548 -0.31865 -0.570683
RightFoot 0.0888684 0.00164301 -0.0111227 0.95915 -0.0164415 0.282408 -0.00252953
RightToe 0 0 0 1 0 0 0
LeftUpperLeg 0.0125896 0.0458799 -0.267195 0.325695 -0.627522 0.362905 0.606992
LeftLowerLeg 0.0327797 -0.00659689 -0.142068 -0.0737349 -0.733803 0.120756 -0.664465
LeftFoot 0.089064 -0.00143099 -0.0110603 0.938598 -0.210979 0.192557 0.193506
LeftToe 0 0 0 1 0 0 0
Pelvis 0 0 0  2.7e-05        0 0.105764  -1.4e-05 -0.085676 -0.000133  -1.4e-05  0.085676 -0.000133   -0.0212 -0.053548  0.108738  -0.0212 0.053548 0.108738  0.072514 -0.128514  0.077645 0.072514 0.128514 0.077645  0.037507 -0.107095  0.156573 0.037507 0.107095 0.156573 -0.058816 -0.053548 -0.048901 -0.058816  0.053548 -0.048901 -0.072514         0  0.027853 -0.058816         0 -0.048901 
L5 0 0 0 -4.9e-05        0 0.117034 -0.032111         0 -0.002706 
L3 0 0 0       0       0 0.10575 -0.032209         0  0.000267 
T12 0 0 0       0       0 0.10575 -0.032209         0  0.000267 
T8 0 0 0        0        0 0.148747        0 -0.03222 0.082966        0  0.03222 0.082966 -0.03222        0 0.148481  0.128882         0 -0.002955 0.123512        0 0.125926 -0.03222        0  0.09478 -0.03222        0 0.000267 
Neck 0 0 0 -0.000117         0   0.09841 -0.031469         0 -0.006798 -0.019705         0 -0.059149 
Head 0 0 0 -6.1e-05        0 0.188587 -0.006844 -0.075378    0.0761 -0.006844  0.075378    0.0761 -0.064495         0  0.062535 
RightShoulder 0 0 0         0 -0.149468         0 0.122777 0.032029 0.042705         0 -0.170821  0.053381 
RightUpperArm 0 0 0            0 -5.55112e-17    -0.319471         0 -0.031947 -0.319471         0  0.037272 -0.319471 
RightForeArm 0 0 0            0 -5.55112e-17    -0.261302    -0.026619 -5.55112e-17    -0.260215     0.026619 -5.55112e-17    -0.262389  -0.026619 2.1684e-19   0.001086 
RightHand 0 0 0            0 -2.77556e-17    -0.195422    -0.042715 -2.77556e-17    -0.112127 -0.021358  0.010679 -0.037376 
LeftShoulder 0 0 0        0 0.149468        0  0.122777 -0.032029  0.042705        0 0.170821 0.053381 
LeftUpperArm 0 0 0           0 5.55112e-17   -0.319471         0  0.031947 -0.319471         0 -0.037272 -0.319471 
LeftForeArm 0 0 0           0 5.55112e-17   -0.261302   -0.026619 5.55112e-17   -0.260215    0.026619 5.55112e-17   -0.262389   -0.026619 -2.1684e-19    0.001086 
LeftHand 0 0 0           0 2.77556e-17   -0.195422   -0.042715 2.77556e-17   -0.112127 -0.021358 -0.010679 -0.037376 
RightUpperLeg 0 0 0   1.3e-05         0 -0.445562  0.001598 -0.074843  -0.03324 -0.007469 -0.042767 -0.445788 -0.007469  0.037422 -0.445788  0.037385         0 -0.443631 
RightLowerLeg 0 0 0   2.2e-05         0 -0.435805 -0.007467 -0.042874 -0.000742 -0.007467  0.037515 -0.000742   1.1e-05 -0.032156 -0.435672   1.1e-05  0.032156 -0.435672  0.061815         0 -0.032736 
RightFoot 0 0 0  0.153354         0 -0.068011 -0.043704         0 -0.083809  0.121136  0.037594 -0.083676  0.121136 -0.039683 -0.083676  0.143066         0 -0.083676         0         0 -0.083676  0.107561  0.010443 -0.021019 
RightToe 0 0 0  0.067943         0 -0.015997 -0.033216  0.038393 -0.015997 -0.033216 -0.040525 -0.015997 
LeftUpperLeg 0 0 0   1.3e-05         0 -0.445562 0.001598 0.074843 -0.03324 -0.007469  0.042767 -0.445788 -0.007469 -0.037422 -0.445788  0.037385         0 -0.443631 
LeftLowerLeg 0 0 0   2.2e-05         0 -0.435805 -0.007467  0.042874 -0.000742 -0.007467 -0.037515 -0.000742   1.1e-05  0.032156 -0.435672   1.1e-05 -0.032156 -0.435672  0.061815         0 -0.032736 
LeftFoot 0 0 0  0.153354         0 -0.068011 -0.043704         0 -0.083809  0.121136 -0.037594 -0.083676  0.121136  0.039683 -0.083676  0.143066         0 -0.083676         0         0 -0.083676  0.107561 -0.010443 -0.021019 
LeftToe 0 0 0  0.067943         0 -0.015997 -0.033216 -0.038393 -0.015997 -0.033216  0.040525 -0.015997 
