Pelvis -0.0614346 -0.00518103 0.092812 0.923535 -0.0363479 -0.371042 0.0899467
L5 0 0 0 1 0 0 0
L3 0 0 0 1 0 0 0
T12 0 0 0 1 0 0 0
T8 0.150287 -3.7874e-05 0.0833662 0.0919808 -0.470205 -0.0330795 -0.877126
Neck 0 0 0 1 0 0 0
Head -0.0734928 -0.00163633 0.0820312 0.588252 0.682798 -0.425994 -0.0792179
RightShoulder -0.0214649 -0.0484068 -0.0625133 0.721837 0.242473 -0.080185 -0.643219
RightUpperArm -0.0111772 -2.77556e-17 0.00577981 0.61744 -0.292553 0.205601 -0.700649
RightForeArm -0.0361589 -2.77556e-17 -7.17846e-05 0.74817 -0.266571 0.159383 -0.586328
RightHand -0.00653813 -1.38778e-17 0.0195559 0.73257 -0.0299923 0.113624 -0.670471
LeftShoulder -0.0205241 0.0547617 -0.0626978 0.562325 -0.244882 -0.125465 0.779796
LeftUpperArm -0.00911592 2.77556e-17 0.0196423 0.673036 -0.1219 -0.207235 0.69944
LeftForeArm -0.00995199 2.77556e-17 0.00999112 0.769244 0.0238529 -0.126033 0.625947
LeftHand -0.0154136 1.38778e-17 0.012155 0.681382 -0.114709 -0.0398425 0.721784
RightUpperLeg 0.0103235 -0.0451833 -0.272508 -0.523177 -0.399868 -0.617985 0.42952
RightLowerLeg 0.0296635 0.0104206 -0.127281 -0.275996 0.705025 0.317088 0.571158
RightFoot 0.0887338 0.000226591 -0.0127789 -0.959176 0.0156177 -0.282329 0.00524833
RightToe 0 0 0 1 0 0 0
LeftUpperLeg 0.0140677 0.0489639 -0.268289 -0.326381 0.62757 -0.363351 -0.606305
LeftLowerLeg 0.0330118 -0.00795168 -0.141854 0.0737512 0.733667 -0.120123 0.664728
LeftFoot 0.0888301 -0.0014407 -0.0111413 -0.93879 0.210812 -0.192829 -0.192476
LeftToe 0 0 0 1 0 0 0
Pelvis 0 0 0  2.7e-05        0 0.105764  -1.4e-05 -0.085676 -0.000133  -1.4e-05  0.085676 -0.000133   -0.0212 -0.053548  0.108738  -0.0212 0.053548 0.108738  0.072514 -0.128514  0.077645 0.072514 0.128514 0.077645  0.037507 -0.107095  0.156573 0.037507 0.107095 0.156573 -0.058816 -0.053548 -0.048901 -0.058816  0.053548 -0.048901 -0.072514         0  0.027853 -0.058816         0 -0.048901 
L5 0 0 0 -4.9e-05        0 0.117034 -0.032111         0 -0.002706 
L3 0 0 0       0       0 0.10575 -0.032209         0  0.000267 
T12 0 0 0       0       0 0.10575 -0.032209         0  0.000267 
T8 0 0 0        0        0 0.148747        0 -0.03222 0.082966        0  0.03222 0.082966 -0.03222        0 0.148481  0.128882         0 -0.002955 0.123512        0 0.125926 -0.03222        0  0.09478 -0.03222        0 0.000267 
Neck 0 0 0 -0.000117         0   0.09841 -0.031469         0 -0.006798 -0.019705         0 -0.059149 
Head 0 0 0 -6.1e-05        0 0.188587 -0.006844 -0.075378    0.0761 -0.006844  0.075378    0.0761 -0.064495         0  0.062535 
RightShoulder 0 0 0         0 -0.149468         0 0.122777 0.032029 0.042705         0 -0.170821  0.053381 
RightUpperArm 0 0 0            0 -5.55112e-17    -0.319471         0 -0.031947 -0.319471         0  0.037272 -0.319471 
RightForeArm 0 0 0            0 -5.55112e-17    -0.261302    -0.026619 -5.55112e-17    -0.260215     0.026619 -5.55112e-17    -0.262389  -0.026619 2.1684e-19   0.001086 
RightHand 0 0 0            0 -2.77556e-17    -0.195422    -0.042715 -2.77556e-17    -0.112127 -0.021358  0.010679 -0.037376 
LeftShoulder 0 0 0        0 0.149468        0  0.122777 -0.032029  0.042705        0 0.170821 0.053381 
LeftUpperArm 0 0 0           0 5.55112e-17   -0.319471         0  0.031947 -0.319471         0 -0.037272 -0.319471 
LeftForeArm 0 0 0           0 5.55112e-17   -0.261302   -0.026619 5.55112e-17   -0.260215    0.026619 5.55112e-17   -0.262389   -0.026619 -2.1684e-19    0.001086 
LeftHand 0 0 0           0 2.77556e-17   -0.195422   -0.042715 2.77556e-17   -0.112127 -0.021358 -0.010679 -0.037376 
RightUpperLeg 0 0 0   1.3e-05         0 -0.445562  0.001598 -0.074843  -0.03324 -0.007469 -0.042767 -0.445788 -0.007469  0.037422 -0.445788  0.037385         0 -0.443631 
RightLowerLeg 0 0 0   2.2e-05         0 -0.435805 -0.007467 -0.042874 -0.000742 -0.007467  0.037515 -0.000742   1.1e-05 -0.032156 -0.435672   1.1e-05  0.032156 -0.435672  0.061815         0 -0.032736 
RightFoot 0 0 0  0.153354         0 -0.068011 -0.043704         0 -0.083809  0.121136  0.037594 -0.083676  0.121136 -0.039683 -0.083676  0.143066         0 -0.083676         0         0 -0.083676  0.107561  0.010443 -0.021019 
RightToe 0 0 0  0.067943         0 -0.015997 -0.033216  0.038393 -0.015997 -0.033216 -0.040525 -0.015997 
LeftUpperLeg 0 0 0   1.3e-05         0 -0.445562 0.001598 0.074843 -0.03324 -0.007469  0.042767 -0.445788 -0.007469 -0.037422 -0.445788  0.037385         0 -0.443631 
LeftLowerLeg 0 0 0   2.2e-05         0 -0.435805 -0.007467  0.042874 -0.000742 -0.007467 -0.037515 -0.000742   1.1e-05  0.032156 -0.435672   1.1e-05 -0.032156 -0.435672  0.061815         0 -0.032736 
LeftFoot 0 0 0  0.153354         0 -0.068011 -0.043704         0 -0.083809  0.121136 -0.037594 -0.083676  0.121136  0.039683 -0.083676  0.143066         0 -0.083676         0         0 -0.083676  0.107561 -0.010443 -0.021019 
LeftToe 0 0 0  0.067943         0 -0.015997 -0.033216 -0.038393 -0.015997 -0.033216  0.040525 -0.015997 
