Pelvis -0.0618016 0.0106476 0.108934 0.06974 0.399064 -0.0315081 -0.913723
L5 0 0 0 1 0 0 0
L3 0 0 0 1 0 0 0
T12 0 0 0 1 0 0 0
T8 0.150081 -0.00143678 0.0900646 0.0548426 -0.502254 -0.074839 -0.859728
Neck 0 0 0 1 0 0 0
Head -0.0736217 0.00409951 0.0820637 0.011855 -0.464768 0.0271063 -0.884938
RightShoulder -0.0287151 -0.038092 -0.0589377 0.79628 0.292123 -0.138227 -0.511368
RightUpperArm -0.0321266 -2.77556e-17 0.00186535 0.758316 0.0642506 -0.168108 -0.626553
RightForeArm -0.0209747 -2.77556e-17 -0.00770645 0.391664 -0.635725 0.464467 -0.476153
RightHand -0.010815 -1.38778e-17 0.0215218 0.732959 0.106338 -0.0441475 -0.670458
LeftShoulder -0.018858 0.0556003 -0.056357 0.604276 -0.493023 -0.161251 0.604794
LeftUpperArm -0.0384819 2.77556e-17 0.0073512 0.686504 -0.273918 -0.323158 0.590975
LeftForeArm -0.0140814 2.77556e-17 -0.00383317 0.462633 0.55936 0.443616 0.525636
LeftHand -0.00872901 1.38778e-17 0.0176067 0.586473 -0.120731 0.00976022 0.800861
RightUpperLeg 0.0104507 -0.0428386 -0.262011 -0.491107 -0.54608 -0.517138 0.439519
RightLowerLeg 0.0327543 0.00774723 -0.142512 -0.616893 0.341827 -0.679077 -0.2036
RightFoot 0.0850101 0.00240245 -0.00684926 -0.956901 0.0207465 -0.288857 0.0217069
RightToe 0 0 0 1 0 0 0
LeftUpperLeg 0.013755 0.0430978 -0.267715 -0.341064 0.640704 -0.460942 -0.510595
LeftLowerLeg 0.0386486 -0.00323719 -0.128037 -0.450839 -0.484873 -0.617819 0.424196
LeftFoot 0.0838278 -0.00879728 -0.012788 -0.941234 0.172995 -0.206593 -0.203642
LeftToe 0 0 0 1 0 0 0
Pelvis 0 0 0  2.7e-05        0 0.105764  -1.4e-05 -0.085676 -0.000133  -1.4e-05  0.085676 -0.000133   -0.0212 -0.053548  0.108738  -0.0212 0.053548 0.108738  0.072514 -0.128514  0.077645 0.072514 0.128514 0.077645  0.037507 -0.107095  0.156573 0.037507 0.107095 0.156573 -0.058816 -0.053548 -0.048901 -0.058816  0.053548 -0.048901 -0.072514         0  0.027853 -0.058816         0 -0.048901 
L5 0 0 0 -4.9e-05        0 0.117034 -0.032111         0 -0.002706 
L3 0 0 0       0       0 0.10575 -0.032209         0  0.000267 
T12 0 0 0       0       0 0.10575 -0.032209         0  0.000267 
T8 0 0 0        0        0 0.148747        0 -0.03222 0.082966        0  0.03222 0.082966 -0.03222        0 0.148481  0.128882         0 -0.002955 0.123512        0 0.125926 -0.03222        0  0.09478 -0.03222        0 0.000267 
Neck 0 0 0 -0.000117         0   0.09841 -0.031469         0 -0.006798 -0.019705         0 -0.059149 
Head 0 0 0 -6.1e-05        0 0.188587 -0.006844 -0.075378    0.0761 -0.006844  0.075378    0.0761 -0.064495         0  0.062535 
RightShoulder 0 0 0         0 -0.149468         0 0.122777 0.032029 0.042705         0 -0.170821  0.053381 
RightUpperArm 0 0 0            0 -5.55112e-17    -0.319471         0 -0.031947 -0.319471         0  0.037272 -0.319471 
RightForeArm 0 0 0            0 -5.55112e-17    -0.261302    -0.026619 -5.55112e-17    -0.260215     0.026619 -5.55112e-17    -0.262389  -0.026619 2.1684e-19   0.001086 
RightHand 0 0 0            0 -2.77556e-17    -0.195422    -0.042715 -2.77556e-17    -0.112127 -0.021358  0.010679 -0.037376 
LeftShoulder 0 0 0        0 0.149468        0  0.122777 -0.032029  0.042705        0 0.170821 0.053381 
LeftUpperArm 0 0 0           0 5.55112e-17   -0.319471         0  0.031947 -0.319471         0 -0.037272 -0.319471 
LeftForeArm 0 0 0           0 5.55112e-17   -0.261302   -0.026619 5.55112e-17   -0.260215    0.026619 5.55112e-17   -0.262389   -0.026619 -2.1684e-19    0.001086 
LeftHand 0 0 0           0 2.77556e-17   -0.195422   -0.042715 2.77556e-17   -0.112127 -0.021358 -0.010679 -0.037376 
RightUpperLeg 0 0 0   1.3e-05         0 -0.445562  0.001598 -0.074843  -0.03324 -0.007469 -0.042767 -0.445788 -0.007469  0.037422 -0.445788  0.037385         0 -0.443631 
RightLowerLeg 0 0 0   2.2e-05         0 -0.435805 -0.007467 -0.042874 -0.000742 -0.007467  0.037515 -0.000742   1.1e-05 -0.032156 -0.435672   1.1e-05  0.032156 -0.435672  0.061815         0 -0.032736 
RightFoot 0 0 0  0.153354         0 -0.068011 -0.043704         0 -0.083809  0.121136  0.037594 -0.083676  0.121136 -0.039683 -0.083676  0.143066         0 -0.083676         0         0 -0.083676  0.107561  0.010443 -0.021019 
RightToe 0 0 0  0.067943         0 -0.015997 -0.033216  0.038393 -0.015997 -0.033216 -0.040525 -0.015997 
LeftUpperLeg 0 0 0   1.3e-05         0 -0.445562 0.001598 0.074843 -0.03324 -0.007469  0.042767 -0.445788 -0.007469 -0.037422 -0.445788  0.037385         0 -0.443631 
LeftLowerLeg 0 0 0   2.2e-05         0 -0.435805 -0.007467  0.042874 -0.000742 -0.007467 -0.037515 -0.000742   1.1e-05  0.032156 -0.435672   1.1e-05 -0.032156 -0.435672  0.061815         0 -0.032736 
LeftFoot 0 0 0  0.153354         0 -0.068011 -0.043704         0 -0.083809  0.121136 -0.037594 -0.083676  0.121136  0.039683 -0.083676  0.143066         0 -0.083676         0         0 -0.083676  0.107561 -0.010443 -0.021019 
LeftToe 0 0 0  0.067943         0 -0.015997 -0.033216 -0.038393 -0.015997 -0.033216  0.040525 -0.015997 
