Pelvis -0.0650015 0.0046261 0.101195 0.923503 -0.0358135 -0.371094 0.0902662
L5 0 0 0 1 0 0 0
L3 0 0 0 1 0 0 0
T12 0 0 0 1 0 0 0
T8 0.150555 7.23166e-05 0.0829354 0.0919517 -0.470198 -0.033117 -0.877132
Neck 0 0 0 1 0 0 0
Head -0.0757087 0.00103105 0.0827108 0.588239 0.682792 -0.426024 -0.0792208
RightShoulder -0.0219277 -0.0524147 -0.0633729 0.721832 0.242431 -0.0801869 -0.643238
RightUpperArm -0.0215152 -2.77556e-17 0.00295854 0.617427 -0.292556 0.205585 -0.700663
RightForeArm -0.0471367 -2.77556e-17 0.0118478 0.748167 -0.266569 0.159374 -0.586334
RightHand -0.00388836 -1.38778e-17 0.041574 0.732568 -0.0299896 0.113622 -0.670473
LeftShoulder -0.0187556 0.0553061 -0.0638899 0.562344 -0.244883 -0.12543 0.779788
LeftUpperArm -0.0198672 2.77556e-17 0.0122327 0.673039 -0.121883 -0.20721 0.699448
LeftForeArm -0.0236304 2.77556e-17 0.0340316 0.769242 0.0238977 -0.12598 0.625959
LeftHand -0.0113728 1.38778e-17 0.0159362 0.681378 -0.114695 -0.0398325 0.721791
RightUpperLeg 0.0139605 -0.0441592 -0.268073 0.523894 0.399295 0.618654 -0.428212
RightLowerLeg 0.0339028 0.00704541 -0.142183 0.275972 -0.704541 -0.3162 -0.572257
RightFoot 0.0890445 0.00168535 -0.0133595 0.958903 -0.0174234 0.283195 0.00149791
RightToe 0 0 0 1 0 0 0
LeftUpperLeg 0.0138471 0.0451302 -0.264251 0.322147 -0.629558 0.359928 0.608549
LeftLowerLeg 0.0340201 -0.0066519 -0.142677 -0.0766366 -0.733467 0.121623 -0.664349
LeftFoot 0.0885668 -0.00474423 -0.0111475 0.939187 -0.211393 0.193594 0.18911
LeftToe 0 0 0 1 0 0 0
Pelvis 0 0 0  2.7e-05        0 0.105764  -1.4e-05 -0.085676 -0.000133  -1.4e-05  0.085676 -0.000133   -0.0212 -0.053548  0.108738  -0.0212 0.053548 0.108738  0.072514 -0.128514  0.077645 0.072514 0.128514 0.077645  0.037507 -0.107095  0.156573 0.037507 0.107095 0.156573 -0.058816 -0.053548 -0.048901 -0.058816  0.053548 -0.048901 -0.072514         0  0.027853 -0.058816         0 -0.048901 
L5 0 0 0 -4.9e-05        0 0.117034 -0.032111         0 -0.002706 
L3 0 0 0       0       0 0.10575 -0.032209         0  0.000267 
T12 0 0 0       0       0 0.10575 -0.032209         0  0.000267 
T8 0 0 0        0        0 0.148747        0 -0.03222 0.082966        0  0.03222 0.082966 -0.03222        0 0.148481  0.128882         0 -0.002955 0.123512        0 0.125926 -0.03222        0  0.09478 -0.03222        0 0.000267 
Neck 0 0 0 -0.000117         0   0.09841 -0.031469         0 -0.006798 -0.019705         0 -0.059149 
Head 0 0 0 -6.1e-05        0 0.188587 -0.006844 -0.075378    0.0761 -0.006844  0.075378    0.0761 -0.064495         0  0.062535 
RightShoulder 0 0 0         0 -0.149468         0 0.122777 0.032029 0.042705         0 -0.170821  0.053381 
RightUpperArm 0 0 0            0 -5.55112e-17    -0.319471         0 -0.031947 -0.319471         0  0.037272 -0.319471 
RightForeArm 0 0 0            0 -5.55112e-17    -0.261302    -0.026619 -5.55112e-17    -0.260215     0.026619 -5.55112e-17    -0.262389  -0.026619 2.1684e-19   0.001086 
RightHand 0 0 0            0 -2.77556e-17    -0.195422    -0.042715 -2.77556e-17    -0.112127 -0.021358  0.010679 -0.037376 
LeftShoulder 0 0 0        0 0.149468        0  0.122777 -0.032029  0.042705        0 0.170821 0.053381 
LeftUpperArm 0 0 0           0 5.55112e-17   -0.319471         0  0.031947 -0.319471         0 -0.037272 -0.319471 
LeftForeArm 0 0 0           0 5.55112e-17   -0.261302   -0.026619 5.55112e-17   -0.260215    0.026619 5.55112e-17   -0.262389   -0.026619 -2.1684e-19    0.001086 
LeftHand 0 0 0           0 2.77556e-17   -0.195422   -0.042715 2.77556e-17   -0.112127 -0.021358 -0.010679 -0.037376 
RightUpperLeg 0 0 0   1.3e-05         0 -0.445562  0.001598 -0.074843  -0.03324 -0.007469 -0.042767 -0.445788 -0.007469  0.037422 -0.445788  0.037385         0 -0.443631 
RightLowerLeg 0 0 0   2.2e-05         0 -0.435805 -0.007467 -0.042874 -0.000742 -0.007467  0.037515 -0.000742   1.1e-05 -0.032156 -0.435672   1.1e-05  0.032156 -0.435672  0.061815         0 -0.032736 
RightFoot 0 0 0  0.153354         0 -0.068011 -0.043704         0 -0.083809  0.121136  0.037594 -0.083676  0.121136 -0.039683 -0.083676  0.143066         0 -0.083676         0         0 -0.083676  0.107561  0.010443 -0.021019 
RightToe 0 0 0  0.067943         0 -0.015997 -0.033216  0.038393 -0.015997 -0.033216 -0.040525 -0.015997 
LeftUpperLeg 0 0 0   1.3e-05         0 -0.445562 0.001598 0.074843 -0.03324 -0.007469  0.042767 -0.445788 -0.007469 -0.037422 -0.445788  0.037385         0 -0.443631 
LeftLowerLeg 0 0 0   2.2e-05         0 -0.435805 -0.007467  0.042874 -0.000742 -0.007467 -0.037515 -0.000742   1.1e-05  0.032156 -0.435672   1.1e-05 -0.032156 -0.435672  0.061815         0 -0.032736 
LeftFoot 0 0 0  0.153354         0 -0.068011 -0.043704         0 -0.083809  0.121136 -0.037594 -0.083676  0.121136  0.039683 -0.083676  0.143066         0 -0.083676         0         0 -0.083676  0.107561 -0.010443 -0.021019 
LeftToe 0 0 0  0.067943         0 -0.015997 -0.033216 -0.038393 -0.015997 -0.033216  0.040525 -0.015997 
