Pelvis -0.0682786 0.00540362 0.10279 0.0678409 0.397973 -0.0320342 -0.914324
L5 0 0 0 1 0 0 0
L3 0 0 0 1 0 0 0
T12 0 0 0 1 0 0 0
T8 0.147557 0.0049817 0.0852883 0.0548067 -0.50226 -0.0748422 -0.859727
Neck 0 0 0 1 0 0 0
Head -0.0617687 -0.0166925 0.0835632 0.0118275 -0.464752 0.0271222 -0.884947
RightShoulder -0.0203061 -0.0588456 -0.0637367 0.796288 0.292075 -0.138234 -0.511379
RightUpperArm -0.0506801 -2.77556e-17 -0.0036781 0.758311 0.0642416 -0.168127 -0.626555
RightForeArm -0.0107385 -2.77556e-17 0.0225948 0.391678 -0.635719 0.46445 -0.47617
RightHand -0.00454933 -1.38778e-17 0.0383918 0.732956 0.106345 -0.0441512 -0.670461
LeftShoulder -0.0214333 0.0456687 -0.0622096 0.604288 -0.493037 -0.161222 0.604781
LeftUpperArm -0.0319939 2.77556e-17 0.00499825 0.686508 -0.2739 -0.323134 0.590991
LeftForeArm -0.0233696 2.77556e-17 0.00996102 0.462612 0.559375 0.443641 0.525618
LeftHand -0.0100782 1.38778e-17 0.0184925 0.586469 -0.120718 0.00976264 0.800866
RightUpperLeg 0.0143544 -0.0445018 -0.268268 0.486233 0.551499 0.515875 -0.43966
RightLowerLeg 0.0341495 0.00854887 -0.141821 0.615848 -0.344999 0.678453 0.203492
RightFoot 0.0864531 0.000140267 -0.0123665 0.956351 -0.0199561 0.290104 -0.0288552
RightToe 0 0 0 1 0 0 0
LeftUpperLeg 0.0170779 0.0428046 -0.265578 0.351994 -0.630814 0.472824 0.504591
LeftLowerLeg 0.0332553 -0.00970827 -0.144219 0.454164 0.479743 0.623379 -0.418308
LeftFoot 0.0855838 -0.00202565 -0.011481 0.943663 -0.170442 0.208417 0.192384
LeftToe 0 0 0 1 0 0 0
Pelvis 0 0 0  2.7e-05        0 0.105764  -1.4e-05 -0.085676 -0.000133  -1.4e-05  0.085676 -0.000133   -0.0212 -0.053548  0.108738  -0.0212 0.053548 0.108738  0.072514 -0.128514  0.077645 0.072514 0.128514 0.077645  0.037507 -0.107095  0.156573 0.037507 0.107095 0.156573 -0.058816 -0.053548 -0.048901 -0.058816  0.053548 -0.048901 -0.072514         0  0.027853 -0.058816         0 -0.048901 
L5 0 0 0 -4.9e-05        0 0.117034 -0.032111         0 -0.002706 
L3 0 0 0       0       0 0.10575 -0.032209         0  0.000267 
T12 0 0 0       0       0 0.10575 -0.032209         0  0.000267 
T8 0 0 0        0        0 0.148747        0 -0.03222 0.082966        0  0.03222 0.082966 -0.03222        0 0.148481  0.128882         0 -0.002955 0.123512        0 0.125926 -0.03222        0  0.09478 -0.03222        0 0.000267 
Neck 0 0 0 -0.000117         0   0.09841 -0.031469         0 -0.006798 -0.019705         0 -0.059149 
Head 0 0 0 -6.1e-05        0 0.188587 -0.006844 -0.075378    0.0761 -0.006844  0.075378    0.0761 -0.064495         0  0.062535 
RightShoulder 0 0 0         0 -0.149468         0 0.122777 0.032029 0.042705         0 -0.170821  0.053381 
RightUpperArm 0 0 0            0 -5.55112e-17    -0.319471         0 -0.031947 -0.319471         0  0.037272 -0.319471 
RightForeArm 0 0 0            0 -5.55112e-17    -0.261302    -0.026619 -5.55112e-17    -0.260215     0.026619 -5.55112e-17    -0.262389  -0.026619 2.1684e-19   0.001086 
RightHand 0 0 0            0 -2.77556e-17    -0.195422    -0.042715 -2.77556e-17    -0.112127 -0.021358  0.010679 -0.037376 
LeftShoulder 0 0 0        0 0.149468        0  0.122777 -0.032029  0.042705        0 0.170821 0.053381 
LeftUpperArm 0 0 0           0 5.55112e-17   -0.319471         0  0.031947 -0.319471         0 -0.037272 -0.319471 
LeftForeArm 0 0 0           0 5.55112e-17   -0.261302   -0.026619 5.55112e-17   -0.260215    0.026619 5.55112e-17   -0.262389   -0.026619 -2.1684e-19    0.001086 
LeftHand 0 0 0           0 2.77556e-17   -0.195422   -0.042715 2.77556e-17   -0.112127 -0.021358 -0.010679 -0.037376 
RightUpperLeg 0 0 0   1.3e-05         0 -0.445562  0.001598 -0.074843  -0.03324 -0.007469 -0.042767 -0.445788 -0.007469  0.037422 -0.445788  0.037385         0 -0.443631 
RightLowerLeg 0 0 0   2.2e-05         0 -0.435805 -0.007467 -0.042874 -0.000742 -0.007467  0.037515 -0.000742   1.1e-05 -0.032156 -0.435672   1.1e-05  0.032156 -0.435672  0.061815         0 -0.032736 
RightFoot 0 0 0  0.153354         0 -0.068011 -0.043704         0 -0.083809  0.121136  0.037594 -0.083676  0.121136 -0.039683 -0.083676  0.143066         0 -0.083676         0         0 -0.083676  0.107561  0.010443 -0.021019 
RightToe 0 0 0  0.067943         0 -0.015997 -0.033216  0.038393 -0.015997 -0.033216 -0.040525 -0.015997 
LeftUpperLeg 0 0 0   1.3e-05         0 -0.445562 0.001598 0.074843 -0.03324 -0.007469  0.042767 -0.445788 -0.007469 -0.037422 -0.445788  0.037385         0 -0.443631 
LeftLowerLeg 0 0 0   2.2e-05         0 -0.435805 -0.007467  0.042874 -0.000742 -0.007467 -0.037515 -0.000742   1.1e-05  0.032156 -0.435672   1.1e-05 -0.032156 -0.435672  0.061815         0 -0.032736 
LeftFoot 0 0 0  0.153354         0 -0.068011 -0.043704         0 -0.083809  0.121136 -0.037594 -0.083676  0.121136  0.039683 -0.083676  0.143066         0 -0.083676         0         0 -0.083676  0.107561 -0.010443 -0.021019 
LeftToe 0 0 0  0.067943         0 -0.015997 -0.033216 -0.038393 -0.015997 -0.033216  0.040525 -0.015997 
