Pelvis -0.0703454 0.0003456 0.0937269 0.923561 -0.0348663 -0.370836 0.0911053
L5 0 0 0 1 0 0 0
L3 0 0 0 1 0 0 0
T12 0 0 0 1 0 0 0
T8 0.152185 -0.0011495 0.077267 0.0919934 -0.470172 -0.0331046 -0.877142
Neck 0 0 0 1 0 0 0
Head -0.0743649 -0.000800487 0.0845618 0.588244 0.682788 -0.426011 -0.079267
RightShoulder -0.0214825 -0.0497019 -0.0625244 0.721843 0.24246 -0.0801782 -0.643216
RightUpperArm -0.00612928 -2.77556e-17 0.00609186 0.617438 -0.29256 0.205601 -0.700647
RightForeArm -0.0474222 -2.77556e-17 0.0172224 0.748169 -0.266575 0.159381 -0.586327
RightHand -0.0046581 -1.38778e-17 0.0311002 0.732571 -0.029989 0.113624 -0.670471
LeftShoulder -0.0194273 0.0529367 -0.0645124 0.562324 -0.244876 -0.125467 0.779798
LeftUpperArm -0.0167993 2.77556e-17 0.0199681 0.673039 -0.121896 -0.207227 0.699441
LeftForeArm -0.00964269 2.77556e-17 0.000204832 0.769244 0.0238551 -0.12603 0.625949
LeftHand 0.0163131 1.38778e-17 0.0315239 0.681381 -0.114707 -0.0398415 0.721787
RightUpperLeg 0.0147899 -0.042877 -0.264783 0.523079 0.401004 0.617012 -0.429977
RightLowerLeg 0.0338338 0.00551869 -0.138586 0.275766 -0.704517 -0.318086 -0.571341
RightFoot 0.089093 0.0019799 -0.0113557 0.959247 -0.0161766 0.282083 -0.00369008
RightToe 0 0 0 1 0 0 0
LeftUpperLeg 0.0142937 0.0466958 -0.267257 0.326862 -0.626477 0.367938 0.604408
LeftLowerLeg 0.0335649 -0.00773711 -0.141586 -0.0719831 -0.734034 0.11889 -0.664739
LeftFoot 0.0890719 -0.00200306 -0.0124686 0.938253 -0.21053 0.192962 0.195251
LeftToe 0 0 0 1 0 0 0
Pelvis 0 0 0  2.7e-05        0 0.105764  -1.4e-05 -0.085676 -0.000133  -1.4e-05  0.085676 -0.000133   -0.0212 -0.053548  0.108738  -0.0212 0.053548 0.108738  0.072514 -0.128514  0.077645 0.072514 0.128514 0.077645  0.037507 -0.107095  0.156573 0.037507 0.107095 0.156573 -0.058816 -0.053548 -0.048901 -0.058816  0.053548 -0.048901 -0.072514         0  0.027853 -0.058816         0 -0.048901 
L5 0 0 0 -4.9e-05        0 0.117034 -0.032111         0 -0.002706 
L3 0 0 0       0       0 0.10575 -0.032209         0  0.000267 
T12 0 0 0       0       0 0.10575 -0.032209         0  0.000267 
T8 0 0 0        0        0 0.148747        0 -0.03222 0.082966        0  0.03222 0.082966 -0.03222        0 0.148481  0.128882         0 -0.002955 0.123512        0 0.125926 -0.03222        0  0.09478 -0.03222        0 0.000267 
Neck 0 0 0 -0.000117         0   0.09841 -0.031469         0 -0.006798 -0.019705         0 -0.059149 
Head 0 0 0 -6.1e-05        0 0.188587 -0.006844 -0.075378    0.0761 -0.006844  0.075378    0.0761 -0.064495         0  0.062535 
RightShoulder 0 0 0         0 -0.149468         0 0.122777 0.032029 0.042705         0 -0.170821  0.053381 
RightUpperArm 0 0 0            0 -5.55112e-17    -0.319471         0 -0.031947 -0.319471         0  0.037272 -0.319471 
RightForeArm 0 0 0            0 -5.55112e-17    -0.261302    -0.026619 -5.55112e-17    -0.260215     0.026619 -5.55112e-17    -0.262389  -0.026619 2.1684e-19   0.001086 
RightHand 0 0 0            0 -2.77556e-17    -0.195422    -0.042715 -2.77556e-17    -0.112127 -0.021358  0.010679 -0.037376 
LeftShoulder 0 0 0        0 0.149468        0  0.122777 -0.032029  0.042705        0 0.170821 0.053381 
LeftUpperArm 0 0 0           0 5.55112e-17   -0.319471         0  0.031947 -0.319471         0 -0.037272 -0.319471 
LeftForeArm 0 0 0           0 5.55112e-17   -0.261302   -0.026619 5.55112e-17   -0.260215    0.026619 5.55112e-17   -0.262389   -0.026619 -2.1684e-19    0.001086 
LeftHand 0 0 0           0 2.77556e-17   -0.195422   -0.042715 2.77556e-17   -0.112127 -0.021358 -0.010679 -0.037376 
RightUpperLeg 0 0 0   1.3e-05         0 -0.445562  0.001598 -0.074843  -0.03324 -0.007469 -0.042767 -0.445788 -0.007469  0.037422 -0.445788  0.037385         0 -0.443631 
RightLowerLeg 0 0 0   2.2e-05         0 -0.435805 -0.007467 -0.042874 -0.000742 -0.007467  0.037515 -0.000742   1.1e-05 -0.032156 -0.435672   1.1e-05  0.032156 -0.435672  0.061815         0 -0.032736 
RightFoot 0 0 0  0.153354         0 -0.068011 -0.043704         0 -0.083809  0.121136  0.037594 -0.083676  0.121136 -0.039683 -0.083676  0.143066         0 -0.083676         0         0 -0.083676  0.107561  0.010443 -0.021019 
RightToe 0 0 0  0.067943         0 -0.015997 -0.033216  0.038393 -0.015997 -0.033216 -0.040525 -0.015997 
LeftUpperLeg 0 0 0   1.3e-05         0 -0.445562 0.001598 0.074843 -0.03324 -0.007469  0.042767 -0.445788 -0.007469 -0.037422 -0.445788  0.037385         0 -0.443631 
LeftLowerLeg 0 0 0   2.2e-05         0 -0.435805 -0.007467  0.042874 -0.000742 -0.007467 -0.037515 -0.000742   1.1e-05  0.032156 -0.435672   1.1e-05 -0.032156 -0.435672  0.061815         0 -0.032736 
LeftFoot 0 0 0  0.153354         0 -0.068011 -0.043704         0 -0.083809  0.121136 -0.037594 -0.083676  0.121136  0.039683 -0.083676  0.143066         0 -0.083676         0         0 -0.083676  0.107561 -0.010443 -0.021019 
LeftToe 0 0 0  0.067943         0 -0.015997 -0.033216 -0.038393 -0.015997 -0.033216  0.040525 -0.015997 
