Pelvis -0.0680617 0.00415068 0.0922462 0.0688207 0.39806 -0.0303179 -0.914271
L5 0 0 0 1 0 0 0
L3 0 0 0 1 0 0 0
T12 0 0 0 1 0 0 0
T8 0.143226 -0.00603629 0.0909569 0.0548385 -0.502247 -0.0748308 -0.859733
Neck 0 0 0 1 0 0 0
Head -0.0715552 -0.00303837 0.088471 0.0118417 -0.464807 0.0271167 -0.884917
RightShoulder -0.0199599 -0.0653043 -0.0638561 0.796282 0.292115 -0.138218 -0.51137
RightUpperArm -0.0316949 -2.77556e-17 0.00607602 0.758317 0.064242 -0.1681 -0.626555
RightForeArm -0.00885138 -2.77556e-17 0.0134796 0.391665 -0.63573 0.464478 -0.476137
RightHand -0.0192304 -1.38778e-17 0.0291912 0.732959 0.106341 -0.0441464 -0.670457
LeftShoulder -0.021984 0.0513182 -0.0624667 0.604283 -0.493023 -0.161244 0.60479
LeftUpperArm -0.0246359 2.77556e-17 0.0112809 0.686505 -0.273904 -0.323152 0.590983
LeftForeArm -0.00264126 2.77556e-17 0.0504166 0.462622 0.559365 0.443621 0.525636
LeftHand -0.00377299 1.38778e-17 0.0220649 0.586471 -0.12073 0.00976257 0.800862
RightUpperLeg 0.0115251 -0.0439476 -0.271128 -0.487122 -0.55037 -0.515904 0.440053
RightLowerLeg 0.036566 0.00856923 -0.139462 -0.616507 0.343522 -0.678222 -0.204762
RightFoot 0.095827 0.00037782 -0.0145184 -0.957048 0.0200984 -0.288535 0.0200674
RightToe 0 0 0 1 0 0 0
LeftUpperLeg 0.0145271 0.0430429 -0.267929 -0.351185 0.632223 -0.471956 -0.504204
LeftLowerLeg 0.0349837 -0.00859921 -0.136955 -0.454965 -0.478579 -0.621846 0.421042
LeftFoot 0.0804856 -0.00915942 -0.00734119 -0.942451 0.17099 -0.208351 -0.197832
LeftToe 0 0 0 1 0 0 0
Pelvis 0 0 0  2.7e-05        0 0.105764  -1.4e-05 -0.085676 -0.000133  -1.4e-05  0.085676 -0.000133   -0.0212 -0.053548  0.108738  -0.0212 0.053548 0.108738  0.072514 -0.128514  0.077645 0.072514 0.128514 0.077645  0.037507 -0.107095  0.156573 0.037507 0.107095 0.156573 -0.058816 -0.053548 -0.048901 -0.058816  0.053548 -0.048901 -0.072514         0  0.027853 -0.058816         0 -0.048901 
L5 0 0 0 -4.9e-05        0 0.117034 -0.032111         0 -0.002706 
L3 0 0 0       0       0 0.10575 -0.032209         0  0.000267 
T12 0 0 0       0       0 0.10575 -0.032209         0  0.000267 
T8 0 0 0        0        0 0.148747        0 -0.03222 0.082966        0  0.03222 0.082966 -0.03222        0 0.148481  0.128882         0 -0.002955 0.123512        0 0.125926 -0.03222        0  0.09478 -0.03222        0 0.000267 
Neck 0 0 0 -0.000117         0   0.09841 -0.031469         0 -0.006798 -0.019705         0 -0.059149 
Head 0 0 0 -6.1e-05        0 0.188587 -0.006844 -0.075378    0.0761 -0.006844  0.075378    0.0761 -0.064495         0  0.062535 
RightShoulder 0 0 0         0 -0.149468         0 0.122777 0.032029 0.042705         0 -0.170821  0.053381 
RightUpperArm 0 0 0            0 -5.55112e-17    -0.319471         0 -0.031947 -0.319471         0  0.037272 -0.319471 
RightForeArm 0 0 0            0 -5.55112e-17    -0.261302    -0.026619 -5.55112e-17    -0.260215     0.026619 -5.55112e-17    -0.262389  -0.026619 2.1684e-19   0.001086 
RightHand 0 0 0            0 -2.77556e-17    -0.195422    -0.042715 -2.77556e-17    -0.112127 -0.021358  0.010679 -0.037376 
LeftShoulder 0 0 0        0 0.149468        0  0.122777 -0.032029  0.042705        0 0.170821 0.053381 
LeftUpperArm 0 0 0           0 5.55112e-17   -0.319471         0  0.031947 -0.319471         0 -0.037272 -0.319471 
LeftForeArm 0 0 0           0 5.55112e-17   -0.261302   -0.026619 5.55112e-17   -0.260215    0.026619 5.55112e-17   -0.262389   -0.026619 -2.1684e-19    0.001086 
LeftHand 0 0 0           0 2.77556e-17   -0.195422   -0.042715 2.77556e-17   -0.112127 -0.021358 -0.010679 -0.037376 
RightUpperLeg 0 0 0   1.3e-05         0 -0.445562  0.001598 -0.074843  -0.03324 -0.007469 -0.042767 -0.445788 -0.007469  0.037422 -0.445788  0.037385         0 -0.443631 
RightLowerLeg 0 0 0   2.2e-05         0 -0.435805 -0.007467 -0.042874 -0.000742 -0.007467  0.037515 -0.000742   1.1e-05 -0.032156 -0.435672   1.1e-05  0.032156 -0.435672  0.061815         0 -0.032736 
RightFoot 0 0 0  0.153354         0 -0.068011 -0.043704         0 -0.083809  0.121136  0.037594 -0.083676  0.121136 -0.039683 -0.083676  0.143066         0 -0.083676         0         0 -0.083676  0.107561  0.010443 -0.021019 
RightToe 0 0 0  0.067943         0 -0.015997 -0.033216  0.038393 -0.015997 -0.033216 -0.040525 -0.015997 
LeftUpperLeg 0 0 0   1.3e-05         0 -0.445562 0.001598 0.074843 -0.03324 -0.007469  0.042767 -0.445788 -0.007469 -0.037422 -0.445788  0.037385         0 -0.443631 
LeftLowerLeg 0 0 0   2.2e-05         0 -0.435805 -0.007467  0.042874 -0.000742 -0.007467 -0.037515 -0.000742   1.1e-05  0.032156 -0.435672   1.1e-05 -0.032156 -0.435672  0.061815         0 -0.032736 
LeftFoot 0 0 0  0.153354         0 -0.068011 -0.043704         0 -0.083809  0.121136 -0.037594 -0.083676  0.121136  0.039683 -0.083676  0.143066         0 -0.083676         0         0 -0.083676  0.107561 -0.010443 -0.021019 
LeftToe 0 0 0  0.067943         0 -0.015997 -0.033216 -0.038393 -0.015997 -0.033216  0.040525 -0.015997 
