Pelvis -0.0590515 -0.00210623 0.0998216 0.0728075 0.39864 -0.0288733 -0.913757
L5 0 0 0 1 0 0 0
L3 0 0 0 1 0 0 0
T12 0 0 0 1 0 0 0
T8 0.154045 -0.00156369 0.074211 0.0548518 -0.50223 -0.0748415 -0.859741
Neck 0 0 0 1 0 0 0
Head -0.0807616 -0.0139854 0.0924283 0.0118502 -0.464778 0.0271356 -0.884932
RightShoulder -0.0206563 -0.0516778 -0.062673 0.79629 0.292117 -0.138224 -0.511357
RightUpperArm -0.0364039 -2.77556e-17 0.0103379 0.758318 0.0642403 -0.168098 -0.626554
RightForeArm -0.074505 -2.77556e-17 -0.0658342 0.391667 -0.635728 0.464465 -0.476151
RightHand -0.00950806 -1.38778e-17 0.0343039 0.732958 0.106341 -0.0441478 -0.670458
LeftShoulder -0.0198043 0.0501277 -0.0603685 0.604277 -0.493024 -0.161255 0.604793
LeftUpperArm -0.015031 2.77556e-17 0.0148115 0.686506 -0.273909 -0.323153 0.590978
LeftForeArm -0.0293585 2.77556e-17 -0.11207 0.46263 0.559363 0.44362 0.525632
LeftHand 0.0118649 1.38778e-17 0.0266427 0.586471 -0.120729 0.00976154 0.800863
RightUpperLeg 0.00711184 -0.0460907 -0.267917 0.499893 0.539042 0.520774 -0.433977
RightLowerLeg 0.0323381 0.0105524 -0.142681 0.619327 -0.339117 0.679853 0.19808
RightFoot 0.0623754 0.00688276 -0.00554079 0.957325 -0.0212958 0.287463 -0.0209857
RightToe 0 0 0 1 0 0 0
LeftUpperLeg 0.0108274 0.0389447 -0.269928 0.349107 -0.631108 0.473417 0.50567
LeftLowerLeg 0.0356824 -0.00925214 -0.141114 0.452429 0.479122 0.623961 -0.420026
LeftFoot 0.0841041 0.00938164 -0.0105525 0.940969 -0.172146 0.207913 0.204241
LeftToe 0 0 0 1 0 0 0
Pelvis 0 0 0  2.7e-05        0 0.105764  -1.4e-05 -0.085676 -0.000133  -1.4e-05  0.085676 -0.000133   -0.0212 -0.053548  0.108738  -0.0212 0.053548 0.108738  0.072514 -0.128514  0.077645 0.072514 0.128514 0.077645  0.037507 -0.107095  0.156573 0.037507 0.107095 0.156573 -0.058816 -0.053548 -0.048901 -0.058816  0.053548 -0.048901 -0.072514         0  0.027853 -0.058816         0 -0.048901 
L5 0 0 0 -4.9e-05        0 0.117034 -0.032111         0 -0.002706 
L3 0 0 0       0       0 0.10575 -0.032209         0  0.000267 
T12 0 0 0       0       0 0.10575 -0.032209         0  0.000267 
T8 0 0 0        0        0 0.148747        0 -0.03222 0.082966        0  0.03222 0.082966 -0.03222        0 0.148481  0.128882         0 -0.002955 0.123512        0 0.125926 -0.03222        0  0.09478 -0.03222        0 0.000267 
Neck 0 0 0 -0.000117         0   0.09841 -0.031469         0 -0.006798 -0.019705         0 -0.059149 
Head 0 0 0 -6.1e-05        0 0.188587 -0.006844 -0.075378    0.0761 -0.006844  0.075378    0.0761 -0.064495         0  0.062535 
RightShoulder 0 0 0         0 -0.149468         0 0.122777 0.032029 0.042705         0 -0.170821  0.053381 
RightUpperArm 0 0 0            0 -5.55112e-17    -0.319471         0 -0.031947 -0.319471         0  0.037272 -0.319471 
RightForeArm 0 0 0            0 -5.55112e-17    -0.261302    -0.026619 -5.55112e-17    -0.260215     0.026619 -5.55112e-17    -0.262389  -0.026619 2.1684e-19   0.001086 
RightHand 0 0 0            0 -2.77556e-17    -0.195422    -0.042715 -2.77556e-17    -0.112127 -0.021358  0.010679 -0.037376 
LeftShoulder 0 0 0        0 0.149468        0  0.122777 -0.032029  0.042705        0 0.170821 0.053381 
LeftUpperArm 0 0 0           0 5.55112e-17   -0.319471         0  0.031947 -0.319471         0 -0.037272 -0.319471 
LeftForeArm 0 0 0           0 5.55112e-17   -0.261302   -0.026619 5.55112e-17   -0.260215    0.026619 5.55112e-17   -0.262389   -0.026619 -2.1684e-19    0.001086 
LeftHand 0 0 0           0 2.77556e-17   -0.195422   -0.042715 2.77556e-17   -0.112127 -0.021358 -0.010679 -0.037376 
RightUpperLeg 0 0 0   1.3e-05         0 -0.445562  0.001598 -0.074843  -0.03324 -0.007469 -0.042767 -0.445788 -0.007469  0.037422 -0.445788  0.037385         0 -0.443631 
RightLowerLeg 0 0 0   2.2e-05         0 -0.435805 -0.007467 -0.042874 -0.000742 -0.007467  0.037515 -0.000742   1.1e-05 -0.032156 -0.435672   1.1e-05  0.032156 -0.435672  0.061815         0 -0.032736 
RightFoot 0 0 0  0.153354         0 -0.068011 -0.043704         0 -0.083809  0.121136  0.037594 -0.083676  0.121136 -0.039683 -0.083676  0.143066         0 -0.083676         0         0 -0.083676  0.107561  0.010443 -0.021019 
RightToe 0 0 0  0.067943         0 -0.015997 -0.033216  0.038393 -0.015997 -0.033216 -0.040525 -0.015997 
LeftUpperLeg 0 0 0   1.3e-05         0 -0.445562 0.001598 0.074843 -0.03324 -0.007469  0.042767 -0.445788 -0.007469 -0.037422 -0.445788  0.037385         0 -0.443631 
LeftLowerLeg 0 0 0   2.2e-05         0 -0.435805 -0.007467  0.042874 -0.000742 -0.007467 -0.037515 -0.000742   1.1e-05  0.032156 -0.435672   1.1e-05 -0.032156 -0.435672  0.061815         0 -0.032736 
LeftFoot 0 0 0  0.153354         0 -0.068011 -0.043704         0 -0.083809  0.121136 -0.037594 -0.083676  0.121136  0.039683 -0.083676  0.143066         0 -0.083676         0         0 -0.083676  0.107561 -0.010443 -0.021019 
LeftToe 0 0 0  0.067943         0 -0.015997 -0.033216 -0.038393 -0.015997 -0.033216  0.040525 -0.015997 
