Pelvis -0.0711383 -0.00021192 0.0941572 0.923349 -0.0362922 -0.371364 0.090547
L5 0 0 0 1 0 0 0
L3 0 0 0 1 0 0 0
T12 0 0 0 1 0 0 0
T8 0.14903 -0.0013647 0.0836533 0.0919733 -0.470184 -0.0330789 -0.87714
Neck 0 0 0 1 0 0 0
Head -0.0663099 -0.00626935 0.0853965 0.588278 0.682778 -0.425984 -0.0792527
RightShoulder -0.0217584 -0.0532882 -0.0633516 0.721833 0.242466 -0.0801821 -0.643225
RightUpperArm -0.018694 -2.77556e-17 0.00165239 0.617442 -0.292555 0.205607 -0.700644
RightForeArm -0.0259711 -2.77556e-17 0.0090237 0.748177 -0.266561 0.159384 -0.586321
RightHand -0.0250969 -1.38778e-17 0.0342523 0.73257 -0.0299879 0.113627 -0.670471
LeftShoulder -0.0208463 0.0529716 -0.0617959 0.562333 -0.244876 -0.125462 0.779793
LeftUpperArm -0.0328552 2.77556e-17 0.0222156 0.673036 -0.121895 -0.207227 0.699443
LeftForeArm -0.0122511 2.77556e-17 -0.0217162 0.769239 0.0238656 -0.126025 0.625955
LeftHand 0.00215126 1.38778e-17 0.015367 0.681381 -0.114707 -0.0398397 0.721787
RightUpperLeg 0.0140988 -0.0432052 -0.267967 -0.522884 -0.400913 -0.617223 0.429997
RightLowerLeg 0.0342825 0.00752805 -0.140909 -0.275742 0.704469 0.318065 0.571421
RightFoot 0.0866795 0.00818909 -0.016403 -0.959327 0.0161536 -0.281815 0.00328366
RightToe 0 0 0 1 0 0 0
LeftUpperLeg 0.0134506 0.0450344 -0.267318 -0.321362 0.629687 -0.359613 -0.609015
LeftLowerLeg 0.0350249 -0.0069699 -0.141418 0.0758929 0.734016 -0.122843 0.663604
LeftFoot 0.0780139 -0.00436134 -0.0191967 -0.938691 0.210706 -0.193438 -0.192472
LeftToe 0 0 0 1 0 0 0
Pelvis 0 0 0  2.7e-05        0 0.105764  -1.4e-05 -0.085676 -0.000133  -1.4e-05  0.085676 -0.000133   -0.0212 -0.053548  0.108738  -0.0212 0.053548 0.108738  0.072514 -0.128514  0.077645 0.072514 0.128514 0.077645  0.037507 -0.107095  0.156573 0.037507 0.107095 0.156573 -0.058816 -0.053548 -0.048901 -0.058816  0.053548 -0.048901 -0.072514         0  0.027853 -0.058816         0 -0.048901 
L5 0 0 0 -4.9e-05        0 0.117034 -0.032111         0 -0.002706 
L3 0 0 0       0       0 0.10575 -0.032209         0  0.000267 
T12 0 0 0       0       0 0.10575 -0.032209         0  0.000267 
T8 0 0 0        0        0 0.148747        0 -0.03222 0.082966        0  0.03222 0.082966 -0.03222        0 0.148481  0.128882         0 -0.002955 0.123512        0 0.125926 -0.03222        0  0.09478 -0.03222        0 0.000267 
Neck 0 0 0 -0.000117         0   0.09841 -0.031469         0 -0.006798 -0.019705         0 -0.059149 
Head 0 0 0 -6.1e-05        0 0.188587 -0.006844 -0.075378    0.0761 -0.006844  0.075378    0.0761 -0.064495         0  0.062535 
RightShoulder 0 0 0         0 -0.149468         0 0.122777 0.032029 0.042705         0 -0.170821  0.053381 
RightUpperArm 0 0 0            0 -5.55112e-17    -0.319471         0 -0.031947 -0.319471         0  0.037272 -0.319471 
RightForeArm 0 0 0            0 -5.55112e-17    -0.261302    -0.026619 -5.55112e-17    -0.260215     0.026619 -5.55112e-17    -0.262389  -0.026619 2.1684e-19   0.001086 
RightHand 0 0 0            0 -2.77556e-17    -0.195422    -0.042715 -2.77556e-17    -0.112127 -0.021358  0.010679 -0.037376 
LeftShoulder 0 0 0        0 0.149468        0  0.122777 -0.032029  0.042705        0 0.170821 0.053381 
LeftUpperArm 0 0 0           0 5.55112e-17   -0.319471         0  0.031947 -0.319471         0 -0.037272 -0.319471 
LeftForeArm 0 0 0           0 5.55112e-17   -0.261302   -0.026619 5.55112e-17   -0.260215    0.026619 5.55112e-17   -0.262389   -0.026619 -2.1684e-19    0.001086 
LeftHand 0 0 0           0 2.77556e-17   -0.195422   -0.042715 2.77556e-17   -0.112127 -0.021358 -0.010679 -0.037376 
RightUpperLeg 0 0 0   1.3e-05         0 -0.445562  0.001598 -0.074843  -0.03324 -0.007469 -0.042767 -0.445788 -0.007469  0.037422 -0.445788  0.037385         0 -0.443631 
RightLowerLeg 0 0 0   2.2e-05         0 -0.435805 -0.007467 -0.042874 -0.000742 -0.007467  0.037515 -0.000742   1.1e-05 -0.032156 -0.435672   1.1e-05  0.032156 -0.435672  0.061815         0 -0.032736 
RightFoot 0 0 0  0.153354         0 -0.068011 -0.043704         0 -0.083809  0.121136  0.037594 -0.083676  0.121136 -0.039683 -0.083676  0.143066         0 -0.083676         0         0 -0.083676  0.107561  0.010443 -0.021019 
RightToe 0 0 0  0.067943         0 -0.015997 -0.033216  0.038393 -0.015997 -0.033216 -0.040525 -0.015997 
LeftUpperLeg 0 0 0   1.3e-05         0 -0.445562 0.001598 0.074843 -0.03324 -0.007469  0.042767 -0.445788 -0.007469 -0.037422 -0.445788  0.037385         0 -0.443631 
LeftLowerLeg 0 0 0   2.2e-05         0 -0.435805 -0.007467  0.042874 -0.000742 -0.007467 -0.037515 -0.000742   1.1e-05  0.032156 -0.435672   1.1e-05 -0.032156 -0.435672  0.061815         0 -0.032736 
LeftFoot 0 0 0  0.153354         0 -0.068011 -0.043704         0 -0.083809  0.121136 -0.037594 -0.083676  0.121136  0.039683 -0.083676  0.143066         0 -0.083676         0         0 -0.083676  0.107561 -0.010443 -0.021019 
LeftToe 0 0 0  0.067943         0 -0.015997 -0.033216 -0.038393 -0.015997 -0.033216  0.040525 -0.015997 
