Pelvis -0.0650995 0.00912648 0.0981443 0.923438 -0.0362848 -0.371117 0.0906432
L5 0 0 0 1 0 0 0
L3 0 0 0 1 0 0 0
T12 0 0 0 1 0 0 0
T8 0.15025 0.000891526 0.0831862 0.0920102 -0.470194 -0.0330967 -0.877129
Neck 0 0 0 1 0 0 0
Head -0.0778823 0.00340526 0.0847988 0.588279 0.682799 -0.425952 -0.0792376
RightShoulder -0.00809532 -0.0508487 -0.0676688 0.721856 0.242474 -0.0801537 -0.643199
RightUpperArm -0.0140998 -2.77556e-17 0.00619486 0.617433 -0.292562 0.205626 -0.700644
RightForeArm -0.0381591 -2.77556e-17 0.0109479 0.748166 -0.266581 0.159416 -0.586318
RightHand 0.0101685 -1.38778e-17 0.0227313 0.732571 -0.0299925 0.11363 -0.670469
LeftShoulder -0.0217091 0.0531217 -0.0633421 0.562299 -0.244873 -0.125481 0.779815
LeftUpperArm -0.02442 2.77556e-17 0.018916 0.673031 -0.121909 -0.207242 0.699441
LeftForeArm -0.010952 2.77556e-17 -0.0117189 0.769246 0.0238445 -0.12604 0.625945
LeftHand 0.00934712 1.38778e-17 0.0270524 0.681382 -0.11471 -0.0398448 0.721784
RightUpperLeg 0.00777722 -0.0373801 -0.273454 0.522323 0.402921 0.614503 -0.432689
RightLowerLeg 0.0328518 0.00762866 -0.141858 0.276419 -0.703508 -0.319918 -0.571245
RightFoot 0.0888436 0.00169287 -0.0111644 0.959318 -0.0166462 0.281827 -0.00215279
RightToe 0 0 0 1 0 0 0
LeftUpperLeg 0.0127185 0.0452173 -0.267403 0.324286 -0.627389 0.361941 0.608457
LeftLowerLeg 0.0402644 -0.0139517 -0.13143 -0.074089 -0.734519 0.121731 -0.663457
LeftFoot 0.0888519 -0.00118543 -0.0111087 0.93845 -0.211027 0.192668 0.194058
LeftToe 0 0 0 1 0 0 0
Pelvis 0 0 0  2.7e-05        0 0.105764  -1.4e-05 -0.085676 -0.000133  -1.4e-05  0.085676 -0.000133   -0.0212 -0.053548  0.108738  -0.0212 0.053548 0.108738  0.072514 -0.128514  0.077645 0.072514 0.128514 0.077645  0.037507 -0.107095  0.156573 0.037507 0.107095 0.156573 -0.058816 -0.053548 -0.048901 -0.058816  0.053548 -0.048901 -0.072514         0  0.027853 -0.058816         0 -0.048901 
L5 0 0 0 -4.9e-05        0 0.117034 -0.032111         0 -0.002706 
L3 0 0 0       0       0 0.10575 -0.032209         0  0.000267 
T12 0 0 0       0       0 0.10575 -0.032209         0  0.000267 
T8 0 0 0        0        0 0.148747        0 -0.03222 0.082966        0  0.03222 0.082966 -0.03222        0 0.148481  0.128882         0 -0.002955 0.123512        0 0.125926 -0.03222        0  0.09478 -0.03222        0 0.000267 
Neck 0 0 0 -0.000117         0   0.09841 -0.031469         0 -0.006798 -0.019705         0 -0.059149 
Head 0 0 0 -6.1e-05        0 0.188587 -0.006844 -0.075378    0.0761 -0.006844  0.075378    0.0761 -0.064495         0  0.062535 
RightShoulder 0 0 0         0 -0.149468         0 0.122777 0.032029 0.042705         0 -0.170821  0.053381 
RightUpperArm 0 0 0            0 -5.55112e-17    -0.319471         0 -0.031947 -0.319471         0  0.037272 -0.319471 
RightForeArm 0 0 0            0 -5.55112e-17    -0.261302    -0.026619 -5.55112e-17    -0.260215     0.026619 -5.55112e-17    -0.262389  -0.026619 2.1684e-19   0.001086 
RightHand 0 0 0            0 -2.77556e-17    -0.195422    -0.042715 -2.77556e-17    -0.112127 -0.021358  0.010679 -0.037376 
LeftShoulder 0 0 0        0 0.149468        0  0.122777 -0.032029  0.042705        0 0.170821 0.053381 
LeftUpperArm 0 0 0           0 5.55112e-17   -0.319471         0  0.031947 -0.319471         0 -0.037272 -0.319471 
LeftForeArm 0 0 0           0 5.55112e-17   -0.261302   -0.026619 5.55112e-17   -0.260215    0.026619 5.55112e-17   -0.262389   -0.026619 -2.1684e-19    0.001086 
LeftHand 0 0 0           0 2.77556e-17   -0.195422   -0.042715 2.77556e-17   -0.112127 -0.021358 -0.010679 -0.037376 
RightUpperLeg 0 0 0   1.3e-05         0 -0.445562  0.001598 -0.074843  -0.03324 -0.007469 -0.042767 -0.445788 -0.007469  0.037422 -0.445788  0.037385         0 -0.443631 
RightLowerLeg 0 0 0   2.2e-05         0 -0.435805 -0.007467 -0.042874 -0.000742 -0.007467  0.037515 -0.000742   1.1e-05 -0.032156 -0.435672   1.1e-05  0.032156 -0.435672  0.061815         0 -0.032736 
RightFoot 0 0 0  0.153354         0 -0.068011 -0.043704         0 -0.083809  0.121136  0.037594 -0.083676  0.121136 -0.039683 -0.083676  0.143066         0 -0.083676         0         0 -0.083676  0.107561  0.010443 -0.021019 
RightToe 0 0 0  0.067943         0 -0.015997 -0.033216  0.038393 -0.015997 -0.033216 -0.040525 -0.015997 
LeftUpperLeg 0 0 0   1.3e-05         0 -0.445562 0.001598 0.074843 -0.03324 -0.007469  0.042767 -0.445788 -0.007469 -0.037422 -0.445788  0.037385         0 -0.443631 
LeftLowerLeg 0 0 0   2.2e-05         0 -0.435805 -0.007467  0.042874 -0.000742 -0.007467 -0.037515 -0.000742   1.1e-05  0.032156 -0.435672   1.1e-05 -0.032156 -0.435672  0.061815         0 -0.032736 
LeftFoot 0 0 0  0.153354         0 -0.068011 -0.043704         0 -0.083809  0.121136 -0.037594 -0.083676  0.121136  0.039683 -0.083676  0.143066         0 -0.083676         0         0 -0.083676  0.107561 -0.010443 -0.021019 
LeftToe 0 0 0  0.067943         0 -0.015997 -0.033216 -0.038393 -0.015997 -0.033216  0.040525 -0.015997 
