Pelvis -0.0504936 0.0236527 0.093323 0.0697713 0.398784 -0.0292568 -0.913919
L5 0 0 0 1 0 0 0
L3 0 0 0 1 0 0 0
T12 0 0 0 1 0 0 0
T8 0.145679 0.00476396 0.0903907 0.0548741 -0.502252 -0.0748454 -0.859727
Neck 0 0 0 1 0 0 0
Head -0.0750538 0.00697176 0.0837267 0.0118816 -0.464805 0.027108 -0.884918
RightShoulder -0.0239385 -0.0541776 -0.060959 0.7963 0.292128 -0.138191 -0.511342
RightUpperArm -0.00739762 -2.77556e-17 0.0200031 0.758319 0.0642372 -0.168076 -0.626561
RightForeArm -0.0390982 -2.77556e-17 -0.0179612 0.391664 -0.635735 0.464483 -0.476127
RightHand 0.00644781 -1.38778e-17 0.0250643 0.732959 0.106338 -0.0441415 -0.670459
LeftShoulder -0.0281761 0.0510215 -0.0648388 0.604259 -0.493013 -0.161275 0.604814
LeftUpperArm -0.0296382 2.77556e-17 0.0114211 0.686503 -0.273917 -0.323158 0.590976
LeftForeArm -0.0101536 2.77556e-17 0.0345842 0.46263 0.559361 0.443616 0.525636
LeftHand 0.0122733 1.38778e-17 0.0259714 0.586472 -0.120732 0.00975865 0.800862
RightUpperLeg 0.0127277 -0.0369484 -0.260123 0.492327 0.546492 0.512309 -0.443283
RightLowerLeg 0.0341338 0.00731635 -0.143315 0.615706 -0.345822 0.67862 0.201959
RightFoot 0.0890419 0.00163641 -0.00189383 0.95713 -0.0211473 0.288009 -0.0224981
RightToe 0 0 0 1 0 0 0
LeftUpperLeg 0.0148156 0.042227 -0.267721 0.347507 -0.633584 0.471441 0.505524
LeftLowerLeg 0.0360512 -0.00860284 -0.153358 0.452558 0.480955 0.62275 -0.41959
LeftFoot 0.0983689 -0.0164457 -0.0114367 0.942279 -0.169514 0.207762 0.200524
LeftToe 0 0 0 1 0 0 0
Pelvis 0 0 0  2.7e-05        0 0.105764  -1.4e-05 -0.085676 -0.000133  -1.4e-05  0.085676 -0.000133   -0.0212 -0.053548  0.108738  -0.0212 0.053548 0.108738  0.072514 -0.128514  0.077645 0.072514 0.128514 0.077645  0.037507 -0.107095  0.156573 0.037507 0.107095 0.156573 -0.058816 -0.053548 -0.048901 -0.058816  0.053548 -0.048901 -0.072514         0  0.027853 -0.058816         0 -0.048901 
L5 0 0 0 -4.9e-05        0 0.117034 -0.032111         0 -0.002706 
L3 0 0 0       0       0 0.10575 -0.032209         0  0.000267 
T12 0 0 0       0       0 0.10575 -0.032209         0  0.000267 
T8 0 0 0        0        0 0.148747        0 -0.03222 0.082966        0  0.03222 0.082966 -0.03222        0 0.148481  0.128882         0 -0.002955 0.123512        0 0.125926 -0.03222        0  0.09478 -0.03222        0 0.000267 
Neck 0 0 0 -0.000117         0   0.09841 -0.031469         0 -0.006798 -0.019705         0 -0.059149 
Head 0 0 0 -6.1e-05        0 0.188587 -0.006844 -0.075378    0.0761 -0.006844  0.075378    0.0761 -0.064495         0  0.062535 
RightShoulder 0 0 0         0 -0.149468         0 0.122777 0.032029 0.042705         0 -0.170821  0.053381 
RightUpperArm 0 0 0            0 -5.55112e-17    -0.319471         0 -0.031947 -0.319471         0  0.037272 -0.319471 
RightForeArm 0 0 0            0 -5.55112e-17    -0.261302    -0.026619 -5.55112e-17    -0.260215     0.026619 -5.55112e-17    -0.262389  -0.026619 2.1684e-19   0.001086 
RightHand 0 0 0            0 -2.77556e-17    -0.195422    -0.042715 -2.77556e-17    -0.112127 -0.021358  0.010679 -0.037376 
LeftShoulder 0 0 0        0 0.149468        0  0.122777 -0.032029  0.042705        0 0.170821 0.053381 
LeftUpperArm 0 0 0           0 5.55112e-17   -0.319471         0  0.031947 -0.319471         0 -0.037272 -0.319471 
LeftForeArm 0 0 0           0 5.55112e-17   -0.261302   -0.026619 5.55112e-17   -0.260215    0.026619 5.55112e-17   -0.262389   -0.026619 -2.1684e-19    0.001086 
LeftHand 0 0 0           0 2.77556e-17   -0.195422   -0.042715 2.77556e-17   -0.112127 -0.021358 -0.010679 -0.037376 
RightUpperLeg 0 0 0   1.3e-05         0 -0.445562  0.001598 -0.074843  -0.03324 -0.007469 -0.042767 -0.445788 -0.007469  0.037422 -0.445788  0.037385         0 -0.443631 
RightLowerLeg 0 0 0   2.2e-05         0 -0.435805 -0.007467 -0.042874 -0.000742 -0.007467  0.037515 -0.000742   1.1e-05 -0.032156 -0.435672   1.1e-05  0.032156 -0.435672  0.061815         0 -0.032736 
RightFoot 0 0 0  0.153354         0 -0.068011 -0.043704         0 -0.083809  0.121136  0.037594 -0.083676  0.121136 -0.039683 -0.083676  0.143066         0 -0.083676         0         0 -0.083676  0.107561  0.010443 -0.021019 
RightToe 0 0 0  0.067943         0 -0.015997 -0.033216  0.038393 -0.015997 -0.033216 -0.040525 -0.015997 
LeftUpperLeg 0 0 0   1.3e-05         0 -0.445562 0.001598 0.074843 -0.03324 -0.007469  0.042767 -0.445788 -0.007469 -0.037422 -0.445788  0.037385         0 -0.443631 
LeftLowerLeg 0 0 0   2.2e-05         0 -0.435805 -0.007467  0.042874 -0.000742 -0.007467 -0.037515 -0.000742   1.1e-05  0.032156 -0.435672   1.1e-05 -0.032156 -0.435672  0.061815         0 -0.032736 
LeftFoot 0 0 0  0.153354         0 -0.068011 -0.043704         0 -0.083809  0.121136 -0.037594 -0.083676  0.121136  0.039683 -0.083676  0.143066         0 -0.083676         0         0 -0.083676  0.107561 -0.010443 -0.021019 
LeftToe 0 0 0  0.067943         0 -0.015997 -0.033216 -0.038393 -0.015997 -0.033216  0.040525 -0.015997 
