Pelvis -0.0847023 0.0102764 0.0808906 0.923702 -0.0356462 -0.370404 0.0911415
L5 0 0 0 1 0 0 0
L3 0 0 0 1 0 0 0
T12 0 0 0 1 0 0 0
T8 0.149949 -0.00018872 0.083164 0.0919852 -0.470182 -0.0331005 -0.877139
Neck 0 0 0 1 0 0 0
Head -0.0752307 -1.74006e-05 0.0816576 0.588267 0.682791 -0.425978 -0.079262
RightShoulder -0.0221307 -0.0529551 -0.0632704 0.721845 0.24246 -0.0801816 -0.643215
RightUpperArm -0.028725 -2.77556e-17 0.0182582 0.617435 -0.292558 0.2056 -0.70065
RightForeArm -0.0411919 -2.77556e-17 0.0130279 0.748166 -0.266578 0.159379 -0.58633
RightHand -0.000217546 -1.38778e-17 0.0291891 0.732569 -0.0299922 0.113622 -0.670471
LeftShoulder -0.0214314 0.0530072 -0.0636318 0.56232 -0.244884 -0.125463 0.7798
LeftUpperArm -0.0295477 2.77556e-17 0.014882 0.673036 -0.121904 -0.207232 0.699441
LeftForeArm -0.00810799 2.77556e-17 -0.0101706 0.769243 0.0238481 -0.126034 0.625948
LeftHand -0.00373155 1.38778e-17 0.0283866 0.681381 -0.114709 -0.0398433 0.721786
RightUpperLeg 0.0151374 -0.0440579 -0.269228 0.522032 0.402279 0.61717 -0.42983
RightLowerLeg 0.0328157 0.0070717 -0.141988 0.276924 -0.703964 -0.317764 -0.57164
RightFoot 0.0899318 0.00078218 -0.0118274 0.959194 -0.0163536 0.28227 -0.00196156
RightToe 0 0 0 1 0 0 0
LeftUpperLeg 0.0145987 0.0487737 -0.267766 0.324118 -0.628183 0.364639 0.606114
LeftLowerLeg 0.0326233 -0.00714209 -0.142531 -0.0743365 -0.73366 0.120068 -0.664681
LeftFoot 0.089771 -0.000151392 -0.0107611 0.938824 -0.211002 0.193303 0.191624
LeftToe 0 0 0 1 0 0 0
Pelvis 0 0 0  2.7e-05        0 0.105764  -1.4e-05 -0.085676 -0.000133  -1.4e-05  0.085676 -0.000133   -0.0212 -0.053548  0.108738  -0.0212 0.053548 0.108738  0.072514 -0.128514  0.077645 0.072514 0.128514 0.077645  0.037507 -0.107095  0.156573 0.037507 0.107095 0.156573 -0.058816 -0.053548 -0.048901 -0.058816  0.053548 -0.048901 -0.072514         0  0.027853 -0.058816         0 -0.048901 
L5 0 0 0 -4.9e-05        0 0.117034 -0.032111         0 -0.002706 
L3 0 0 0       0       0 0.10575 -0.032209         0  0.000267 
T12 0 0 0       0       0 0.10575 -0.032209         0  0.000267 
T8 0 0 0        0        0 0.148747        0 -0.03222 0.082966        0  0.03222 0.082966 -0.03222        0 0.148481  0.128882         0 -0.002955 0.123512        0 0.125926 -0.03222        0  0.09478 -0.03222        0 0.000267 
Neck 0 0 0 -0.000117         0   0.09841 -0.031469         0 -0.006798 -0.019705         0 -0.059149 
Head 0 0 0 -6.1e-05        0 0.188587 -0.006844 -0.075378    0.0761 -0.006844  0.075378    0.0761 -0.064495         0  0.062535 
RightShoulder 0 0 0         0 -0.149468         0 0.122777 0.032029 0.042705         0 -0.170821  0.053381 
RightUpperArm 0 0 0            0 -5.55112e-17    -0.319471         0 -0.031947 -0.319471         0  0.037272 -0.319471 
RightForeArm 0 0 0            0 -5.55112e-17    -0.261302    -0.026619 -5.55112e-17    -0.260215     0.026619 -5.55112e-17    -0.262389  -0.026619 2.1684e-19   0.001086 
RightHand 0 0 0            0 -2.77556e-17    -0.195422    -0.042715 -2.77556e-17    -0.112127 -0.021358  0.010679 -0.037376 
LeftShoulder 0 0 0        0 0.149468        0  0.122777 -0.032029  0.042705        0 0.170821 0.053381 
LeftUpperArm 0 0 0           0 5.55112e-17   -0.319471         0  0.031947 -0.319471         0 -0.037272 -0.319471 
LeftForeArm 0 0 0           0 5.55112e-17   -0.261302   -0.026619 5.55112e-17   -0.260215    0.026619 5.55112e-17   -0.262389   -0.026619 -2.1684e-19    0.001086 
LeftHand 0 0 0           0 2.77556e-17   -0.195422   -0.042715 2.77556e-17   -0.112127 -0.021358 -0.010679 -0.037376 
RightUpperLeg 0 0 0   1.3e-05         0 -0.445562  0.001598 -0.074843  -0.03324 -0.007469 -0.042767 -0.445788 -0.007469  0.037422 -0.445788  0.037385         0 -0.443631 
RightLowerLeg 0 0 0   2.2e-05         0 -0.435805 -0.007467 -0.042874 -0.000742 -0.007467  0.037515 -0.000742   1.1e-05 -0.032156 -0.435672   1.1e-05  0.032156 -0.435672  0.061815         0 -0.032736 
RightFoot 0 0 0  0.153354         0 -0.068011 -0.043704         0 -0.083809  0.121136  0.037594 -0.083676  0.121136 -0.039683 -0.083676  0.143066         0 -0.083676         0         0 -0.083676  0.107561  0.010443 -0.021019 
RightToe 0 0 0  0.067943         0 -0.015997 -0.033216  0.038393 -0.015997 -0.033216 -0.040525 -0.015997 
LeftUpperLeg 0 0 0   1.3e-05         0 -0.445562 0.001598 0.074843 -0.03324 -0.007469  0.042767 -0.445788 -0.007469 -0.037422 -0.445788  0.037385         0 -0.443631 
LeftLowerLeg 0 0 0   2.2e-05         0 -0.435805 -0.007467  0.042874 -0.000742 -0.007467 -0.037515 -0.000742   1.1e-05  0.032156 -0.435672   1.1e-05 -0.032156 -0.435672  0.061815         0 -0.032736 
LeftFoot 0 0 0  0.153354         0 -0.068011 -0.043704         0 -0.083809  0.121136 -0.037594 -0.083676  0.121136  0.039683 -0.083676  0.143066         0 -0.083676         0         0 -0.083676  0.107561 -0.010443 -0.021019 
LeftToe 0 0 0  0.067943         0 -0.015997 -0.033216 -0.038393 -0.015997 -0.033216  0.040525 -0.015997 
