Pelvis -0.0709145 0.0047672 0.088041 0.0700625 0.398828 -0.0312509 -0.913812
L5 0 0 0 1 0 0 0
L3 0 0 0 1 0 0 0
T12 0 0 0 1 0 0 0
T8 0.144246 0.000428138 0.089784 0.0548469 -0.502249 -0.0748422 -0.85973
Neck 0 0 0 1 0 0 0
Head -0.0692111 -0.000233498 0.0850982 0.0118469 -0.464809 0.027132 -0.884917
RightShoulder -0.0244044 -0.0514914 -0.0641503 0.796291 0.292114 -0.138223 -0.511357
RightUpperArm -0.0402629 -2.77556e-17 0.00943644 0.758317 0.0642375 -0.1681 -0.626556
RightForeArm 0.00379547 -2.77556e-17 0.0210181 0.391662 -0.635729 0.464467 -0.476151
RightHand -0.00180859 -1.38778e-17 0.0293794 0.732959 0.106336 -0.0441483 -0.670459
LeftShoulder -0.0193224 0.0505189 -0.0614108 0.604269 -0.493031 -0.161252 0.604796
LeftUpperArm -0.0337937 2.77556e-17 0.00832921 0.686502 -0.273919 -0.323157 0.590976
LeftForeArm -0.0182786 2.77556e-17 0.0831896 0.46263 0.559358 0.443621 0.525635
LeftHand -0.00294641 1.38778e-17 0.0266352 0.586472 -0.120731 0.00975997 0.800862
RightUpperLeg 0.0159495 -0.0299261 -0.261785 0.494028 0.543806 0.518083 -0.437951
RightLowerLeg 0.0317372 0.00941321 -0.143839 0.617802 -0.340568 0.679236 0.202418
RightFoot 0.0914761 -7.58329e-05 -0.0112155 0.957084 -0.0209111 0.2885 -0.0179075
RightToe 0 0 0 1 0 0 0
LeftUpperLeg 0.0147111 0.0355337 -0.265852 0.352429 -0.629573 0.477301 0.50161
LeftLowerLeg 0.0324992 -0.00743114 -0.142592 0.455212 0.476692 0.624134 -0.419529
LeftFoot 0.087998 -0.00118581 -0.0111898 0.942405 -0.17248 0.207818 0.197323
LeftToe 0 0 0 1 0 0 0
Pelvis 0 0 0  2.7e-05        0 0.105764  -1.4e-05 -0.085676 -0.000133  -1.4e-05  0.085676 -0.000133   -0.0212 -0.053548  0.108738  -0.0212 0.053548 0.108738  0.072514 -0.128514  0.077645 0.072514 0.128514 0.077645  0.037507 -0.107095  0.156573 0.037507 0.107095 0.156573 -0.058816 -0.053548 -0.048901 -0.058816  0.053548 -0.048901 -0.072514         0  0.027853 -0.058816         0 -0.048901 
L5 0 0 0 -4.9e-05        0 0.117034 -0.032111         0 -0.002706 
L3 0 0 0       0       0 0.10575 -0.032209         0  0.000267 
T12 0 0 0       0       0 0.10575 -0.032209         0  0.000267 
T8 0 0 0        0        0 0.148747        0 -0.03222 0.082966        0  0.03222 0.082966 -0.03222        0 0.148481  0.128882         0 -0.002955 0.123512        0 0.125926 -0.03222        0  0.09478 -0.03222        0 0.000267 
Neck 0 0 0 -0.000117         0   0.09841 -0.031469         0 -0.006798 -0.019705         0 -0.059149 
Head 0 0 0 -6.1e-05        0 0.188587 -0.006844 -0.075378    0.0761 -0.006844  0.075378    0.0761 -0.064495         0  0.062535 
RightShoulder 0 0 0         0 -0.149468         0 0.122777 0.032029 0.042705         0 -0.170821  0.053381 
RightUpperArm 0 0 0            0 -5.55112e-17    -0.319471         0 -0.031947 -0.319471         0  0.037272 -0.319471 
RightForeArm 0 0 0            0 -5.55112e-17    -0.261302    -0.026619 -5.55112e-17    -0.260215     0.026619 -5.55112e-17    -0.262389  -0.026619 2.1684e-19   0.001086 
RightHand 0 0 0            0 -2.77556e-17    -0.195422    -0.042715 -2.77556e-17    -0.112127 -0.021358  0.010679 -0.037376 
LeftShoulder 0 0 0        0 0.149468        0  0.122777 -0.032029  0.042705        0 0.170821 0.053381 
LeftUpperArm 0 0 0           0 5.55112e-17   -0.319471         0  0.031947 -0.319471         0 -0.037272 -0.319471 
LeftForeArm 0 0 0           0 5.55112e-17   -0.261302   -0.026619 5.55112e-17   -0.260215    0.026619 5.55112e-17   -0.262389   -0.026619 -2.1684e-19    0.001086 
LeftHand 0 0 0           0 2.77556e-17   -0.195422   -0.042715 2.77556e-17   -0.112127 -0.021358 -0.010679 -0.037376 
RightUpperLeg 0 0 0   1.3e-05         0 -0.445562  0.001598 -0.074843  -0.03324 -0.007469 -0.042767 -0.445788 -0.007469  0.037422 -0.445788  0.037385         0 -0.443631 
RightLowerLeg 0 0 0   2.2e-05         0 -0.435805 -0.007467 -0.042874 -0.000742 -0.007467  0.037515 -0.000742   1.1e-05 -0.032156 -0.435672   1.1e-05  0.032156 -0.435672  0.061815         0 -0.032736 
RightFoot 0 0 0  0.153354         0 -0.068011 -0.043704         0 -0.083809  0.121136  0.037594 -0.083676  0.121136 -0.039683 -0.083676  0.143066         0 -0.083676         0         0 -0.083676  0.107561  0.010443 -0.021019 
RightToe 0 0 0  0.067943         0 -0.015997 -0.033216  0.038393 -0.015997 -0.033216 -0.040525 -0.015997 
LeftUpperLeg 0 0 0   1.3e-05         0 -0.445562 0.001598 0.074843 -0.03324 -0.007469  0.042767 -0.445788 -0.007469 -0.037422 -0.445788  0.037385         0 -0.443631 
LeftLowerLeg 0 0 0   2.2e-05         0 -0.435805 -0.007467  0.042874 -0.000742 -0.007467 -0.037515 -0.000742   1.1e-05  0.032156 -0.435672   1.1e-05 -0.032156 -0.435672  0.061815         0 -0.032736 
LeftFoot 0 0 0  0.153354         0 -0.068011 -0.043704         0 -0.083809  0.121136 -0.037594 -0.083676  0.121136  0.039683 -0.083676  0.143066         0 -0.083676         0         0 -0.083676  0.107561 -0.010443 -0.021019 
LeftToe 0 0 0  0.067943         0 -0.015997 -0.033216 -0.038393 -0.015997 -0.033216  0.040525 -0.015997 
