Pelvis -0.0568101 0.0145658 0.0876705 0.92368 -0.0347852 -0.370672 0.0905891
L5 0 0 0 1 0 0 0
L3 0 0 0 1 0 0 0
T12 0 0 0 1 0 0 0
T8 0.149979 -0.00014457 0.0834017 0.0919905 -0.470166 -0.0331044 -0.877147
Neck 0 0 0 1 0 0 0
Head -0.0749053 -0.00243897 0.0821934 0.588254 0.682799 -0.425987 -0.0792294
RightShoulder -0.021714 -0.0531538 -0.0633821 0.72185 0.242463 -0.0801806 -0.643207
RightUpperArm -0.0218501 -2.77556e-17 0.0132443 0.617436 -0.292569 0.205603 -0.700647
RightForeArm -0.0419783 -2.77556e-17 -0.0127929 0.748173 -0.266578 0.159373 -0.586323
RightHand -0.00185849 -1.38778e-17 0.013371 0.732572 -0.0299925 0.113622 -0.67047
LeftShoulder -0.0237856 0.0551328 -0.0634496 0.562319 -0.24489 -0.125472 0.779797
LeftUpperArm -0.0208583 2.77556e-17 0.0168849 0.673042 -0.121904 -0.207234 0.699435
LeftForeArm -0.00490535 2.77556e-17 -0.0225995 0.769246 0.0238513 -0.126036 0.625944
LeftHand 0.000105137 1.38778e-17 0.0152341 0.681382 -0.114709 -0.0398421 0.721785
RightUpperLeg 0.0125765 -0.0389005 -0.264258 0.523072 0.40041 0.616749 -0.430917
RightLowerLeg 0.0328309 0.00738348 -0.141909 0.275344 -0.705047 -0.318549 -0.570632
RightFoot 0.0891852 0.00119097 -0.0114395 0.959285 -0.0167756 0.281932 -0.00194716
RightToe 0 0 0 1 0 0 0
LeftUpperLeg 0.0136576 0.0445494 -0.267007 0.327355 -0.626415 0.36648 0.605091
LeftLowerLeg 0.03295 -0.00726454 -0.141848 -0.0718179 -0.733842 0.119649 -0.664833
LeftFoot 0.0891121 -0.00116067 -0.0116405 0.938445 -0.21021 0.192463 0.195165
LeftToe 0 0 0 1 0 0 0
Pelvis 0 0 0  2.7e-05        0 0.105764  -1.4e-05 -0.085676 -0.000133  -1.4e-05  0.085676 -0.000133   -0.0212 -0.053548  0.108738  -0.0212 0.053548 0.108738  0.072514 -0.128514  0.077645 0.072514 0.128514 0.077645  0.037507 -0.107095  0.156573 0.037507 0.107095 0.156573 -0.058816 -0.053548 -0.048901 -0.058816  0.053548 -0.048901 -0.072514         0  0.027853 -0.058816         0 -0.048901 
L5 0 0 0 -4.9e-05        0 0.117034 -0.032111         0 -0.002706 
L3 0 0 0       0       0 0.10575 -0.032209         0  0.000267 
T12 0 0 0       0       0 0.10575 -0.032209         0  0.000267 
T8 0 0 0        0        0 0.148747        0 -0.03222 0.082966        0  0.03222 0.082966 -0.03222        0 0.148481  0.128882         0 -0.002955 0.123512        0 0.125926 -0.03222        0  0.09478 -0.03222        0 0.000267 
Neck 0 0 0 -0.000117         0   0.09841 -0.031469         0 -0.006798 -0.019705         0 -0.059149 
Head 0 0 0 -6.1e-05        0 0.188587 -0.006844 -0.075378    0.0761 -0.006844  0.075378    0.0761 -0.064495         0  0.062535 
RightShoulder 0 0 0         0 -0.149468         0 0.122777 0.032029 0.042705         0 -0.170821  0.053381 
RightUpperArm 0 0 0            0 -5.55112e-17    -0.319471         0 -0.031947 -0.319471         0  0.037272 -0.319471 
RightForeArm 0 0 0            0 -5.55112e-17    -0.261302    -0.026619 -5.55112e-17    -0.260215     0.026619 -5.55112e-17    -0.262389  -0.026619 2.1684e-19   0.001086 
RightHand 0 0 0            0 -2.77556e-17    -0.195422    -0.042715 -2.77556e-17    -0.112127 -0.021358  0.010679 -0.037376 
LeftShoulder 0 0 0        0 0.149468        0  0.122777 -0.032029  0.042705        0 0.170821 0.053381 
LeftUpperArm 0 0 0           0 5.55112e-17   -0.319471         0  0.031947 -0.319471         0 -0.037272 -0.319471 
LeftForeArm 0 0 0           0 5.55112e-17   -0.261302   -0.026619 5.55112e-17   -0.260215    0.026619 5.55112e-17   -0.262389   -0.026619 -2.1684e-19    0.001086 
LeftHand 0 0 0           0 2.77556e-17   -0.195422   -0.042715 2.77556e-17   -0.112127 -0.021358 -0.010679 -0.037376 
RightUpperLeg 0 0 0   1.3e-05         0 -0.445562  0.001598 -0.074843  -0.03324 -0.007469 -0.042767 -0.445788 -0.007469  0.037422 -0.445788  0.037385         0 -0.443631 
RightLowerLeg 0 0 0   2.2e-05         0 -0.435805 -0.007467 -0.042874 -0.000742 -0.007467  0.037515 -0.000742   1.1e-05 -0.032156 -0.435672   1.1e-05  0.032156 -0.435672  0.061815         0 -0.032736 
RightFoot 0 0 0  0.153354         0 -0.068011 -0.043704         0 -0.083809  0.121136  0.037594 -0.083676  0.121136 -0.039683 -0.083676  0.143066         0 -0.083676         0         0 -0.083676  0.107561  0.010443 -0.021019 
RightToe 0 0 0  0.067943         0 -0.015997 -0.033216  0.038393 -0.015997 -0.033216 -0.040525 -0.015997 
LeftUpperLeg 0 0 0   1.3e-05         0 -0.445562 0.001598 0.074843 -0.03324 -0.007469  0.042767 -0.445788 -0.007469 -0.037422 -0.445788  0.037385         0 -0.443631 
LeftLowerLeg 0 0 0   2.2e-05         0 -0.435805 -0.007467  0.042874 -0.000742 -0.007467 -0.037515 -0.000742   1.1e-05  0.032156 -0.435672   1.1e-05 -0.032156 -0.435672  0.061815         0 -0.032736 
LeftFoot 0 0 0  0.153354         0 -0.068011 -0.043704         0 -0.083809  0.121136 -0.037594 -0.083676  0.121136  0.039683 -0.083676  0.143066         0 -0.083676         0         0 -0.083676  0.107561 -0.010443 -0.021019 
LeftToe 0 0 0  0.067943         0 -0.015997 -0.033216 -0.038393 -0.015997 -0.033216  0.040525 -0.015997 
