Pelvis -0.0596195 -0.000844047 0.10378 0.923274 -0.0363605 -0.371517 0.0906498
L5 0 0 0 1 0 0 0
L3 0 0 0 1 0 0 0
T12 0 0 0 1 0 0 0
T8 0.149987 0.000340574 0.0833255 0.092001 -0.470181 -0.033105 -0.877138
Neck 0 0 0 1 0 0 0
Head -0.0746723 0.000121861 0.0825718 0.58827 0.682796 -0.425971 -0.0792251
RightShoulder -0.0214581 -0.0526277 -0.063331 0.721856 0.242461 -0.0801648 -0.643203
RightUpperArm -0.0131274 -2.77556e-17 0.0282056 0.617433 -0.292561 0.20561 -0.700649
RightForeArm 0.00524334 -2.77556e-17 0.0308251 0.748163 -0.266581 0.159396 -0.586327
RightHand 0.00409974 -1.38778e-17 0.0274641 0.732569 -0.0299933 0.113627 -0.670471
LeftShoulder -0.0185174 0.0540625 -0.0651782 0.562309 -0.244877 -0.12547 0.779808
LeftUpperArm -0.0214062 2.77556e-17 0.0410673 0.673031 -0.121906 -0.207239 0.699443
LeftForeArm -0.0201622 2.77556e-17 0.0534684 0.769238 0.023841 -0.126039 0.625954
LeftHand -0.00161191 1.38778e-17 0.0359706 0.68138 -0.11471 -0.0398442 0.721787
RightUpperLeg 0.0136868 -0.0448917 -0.278973 0.522609 0.401657 0.615582 -0.431983
RightLowerLeg 0.0328144 0.00760394 -0.141848 0.275697 -0.704473 -0.319441 -0.570671
RightFoot 0.0887996 0.00178559 -0.0110797 0.959297 -0.0166862 0.281897 -0.00213413
RightToe 0 0 0 1 0 0 0
LeftUpperLeg 0.0133998 0.0447927 -0.268294 0.325925 -0.627284 0.360803 0.608366
LeftLowerLeg 0.0328006 -0.00726424 -0.141884 -0.0735967 -0.734057 0.121936 -0.663985
LeftFoot 0.0901489 -0.00141887 -0.011288 0.93859 -0.210746 0.193041 0.193311
LeftToe 0 0 0 1 0 0 0
Pelvis 0 0 0  2.7e-05        0 0.105764  -1.4e-05 -0.085676 -0.000133  -1.4e-05  0.085676 -0.000133   -0.0212 -0.053548  0.108738  -0.0212 0.053548 0.108738  0.072514 -0.128514  0.077645 0.072514 0.128514 0.077645  0.037507 -0.107095  0.156573 0.037507 0.107095 0.156573 -0.058816 -0.053548 -0.048901 -0.058816  0.053548 -0.048901 -0.072514         0  0.027853 -0.058816         0 -0.048901 
L5 0 0 0 -4.9e-05        0 0.117034 -0.032111         0 -0.002706 
L3 0 0 0       0       0 0.10575 -0.032209         0  0.000267 
T12 0 0 0       0       0 0.10575 -0.032209         0  0.000267 
T8 0 0 0        0        0 0.148747        0 -0.03222 0.082966        0  0.03222 0.082966 -0.03222        0 0.148481  0.128882         0 -0.002955 0.123512        0 0.125926 -0.03222        0  0.09478 -0.03222        0 0.000267 
Neck 0 0 0 -0.000117         0   0.09841 -0.031469         0 -0.006798 -0.019705         0 -0.059149 
Head 0 0 0 -6.1e-05        0 0.188587 -0.006844 -0.075378    0.0761 -0.006844  0.075378    0.0761 -0.064495         0  0.062535 
RightShoulder 0 0 0         0 -0.149468         0 0.122777 0.032029 0.042705         0 -0.170821  0.053381 
RightUpperArm 0 0 0            0 -5.55112e-17    -0.319471         0 -0.031947 -0.319471         0  0.037272 -0.319471 
RightForeArm 0 0 0            0 -5.55112e-17    -0.261302    -0.026619 -5.55112e-17    -0.260215     0.026619 -5.55112e-17    -0.262389  -0.026619 2.1684e-19   0.001086 
RightHand 0 0 0            0 -2.77556e-17    -0.195422    -0.042715 -2.77556e-17    -0.112127 -0.021358  0.010679 -0.037376 
LeftShoulder 0 0 0        0 0.149468        0  0.122777 -0.032029  0.042705        0 0.170821 0.053381 
LeftUpperArm 0 0 0           0 5.55112e-17   -0.319471         0  0.031947 -0.319471         0 -0.037272 -0.319471 
LeftForeArm 0 0 0           0 5.55112e-17   -0.261302   -0.026619 5.55112e-17   -0.260215    0.026619 5.55112e-17   -0.262389   -0.026619 -2.1684e-19    0.001086 
LeftHand 0 0 0           0 2.77556e-17   -0.195422   -0.042715 2.77556e-17   -0.112127 -0.021358 -0.010679 -0.037376 
RightUpperLeg 0 0 0   1.3e-05         0 -0.445562  0.001598 -0.074843  -0.03324 -0.007469 -0.042767 -0.445788 -0.007469  0.037422 -0.445788  0.037385         0 -0.443631 
RightLowerLeg 0 0 0   2.2e-05         0 -0.435805 -0.007467 -0.042874 -0.000742 -0.007467  0.037515 -0.000742   1.1e-05 -0.032156 -0.435672   1.1e-05  0.032156 -0.435672  0.061815         0 -0.032736 
RightFoot 0 0 0  0.153354         0 -0.068011 -0.043704         0 -0.083809  0.121136  0.037594 -0.083676  0.121136 -0.039683 -0.083676  0.143066         0 -0.083676         0         0 -0.083676  0.107561  0.010443 -0.021019 
RightToe 0 0 0  0.067943         0 -0.015997 -0.033216  0.038393 -0.015997 -0.033216 -0.040525 -0.015997 
LeftUpperLeg 0 0 0   1.3e-05         0 -0.445562 0.001598 0.074843 -0.03324 -0.007469  0.042767 -0.445788 -0.007469 -0.037422 -0.445788  0.037385         0 -0.443631 
LeftLowerLeg 0 0 0   2.2e-05         0 -0.435805 -0.007467  0.042874 -0.000742 -0.007467 -0.037515 -0.000742   1.1e-05  0.032156 -0.435672   1.1e-05 -0.032156 -0.435672  0.061815         0 -0.032736 
LeftFoot 0 0 0  0.153354         0 -0.068011 -0.043704         0 -0.083809  0.121136 -0.037594 -0.083676  0.121136  0.039683 -0.083676  0.143066         0 -0.083676         0         0 -0.083676  0.107561 -0.010443 -0.021019 
LeftToe 0 0 0  0.067943         0 -0.015997 -0.033216 -0.038393 -0.015997 -0.033216  0.040525 -0.015997 
