Pelvis -0.0603137 0.00623478 0.100254 0.0735141 0.402455 -0.0280258 -0.912054
L5 0 0 0 1 0 0 0
L3 0 0 0 1 0 0 0
T12 0 0 0 1 0 0 0
T8 0.149252 -0.000443328 0.0839069 0.0548489 -0.502229 -0.0748513 -0.859741
Neck 0 0 0 1 0 0 0
Head -0.0763196 -0.00187277 0.081323 0.0118567 -0.464778 0.0271114 -0.884933
RightShoulder -0.0213182 -0.0563259 -0.0628539 0.79629 0.29212 -0.13823 -0.511353
RightUpperArm -0.0214701 -2.77556e-17 0.0104767 0.758321 0.0642352 -0.1681 -0.62655
RightForeArm -0.0387818 -2.77556e-17 -0.0549821 0.391662 -0.635734 0.464463 -0.476148
RightHand -0.00429155 -1.38778e-17 0.0160092 0.73296 0.10634 -0.0441498 -0.670456
LeftShoulder -0.021638 0.0537765 -0.063868 0.604268 -0.493033 -0.161261 0.604792
LeftUpperArm -0.0286664 2.77556e-17 0.0113532 0.686508 -0.273921 -0.323152 0.590971
LeftForeArm -5.06839e-05 2.77556e-17 0.0186648 0.462637 0.559359 0.443612 0.525636
LeftHand 0.00366463 1.38778e-17 0.0191183 0.586473 -0.120733 0.00975903 0.800861
RightUpperLeg 0.0172584 -0.0467254 -0.283411 0.497414 0.542227 0.516046 -0.438481
RightLowerLeg 0.0335111 0.0091909 -0.142146 0.618654 -0.341545 0.678507 0.200607
RightFoot 0.0898665 -0.0125703 -0.0210932 0.957588 -0.0211801 0.286766 -0.0185084
RightToe 0 0 0 1 0 0 0
LeftUpperLeg 0.0145708 0.0453808 -0.261509 0.347981 -0.631217 0.472312 0.507342
LeftLowerLeg 0.0341669 -0.00566851 -0.142112 0.451545 0.478797 0.623702 -0.421729
LeftFoot 0.0930491 -0.00632888 -0.0107468 0.941167 -0.171857 0.208633 0.202833
LeftToe 0 0 0 1 0 0 0
Pelvis 0 0 0  2.7e-05        0 0.105764  -1.4e-05 -0.085676 -0.000133  -1.4e-05  0.085676 -0.000133   -0.0212 -0.053548  0.108738  -0.0212 0.053548 0.108738  0.072514 -0.128514  0.077645 0.072514 0.128514 0.077645  0.037507 -0.107095  0.156573 0.037507 0.107095 0.156573 -0.058816 -0.053548 -0.048901 -0.058816  0.053548 -0.048901 -0.072514         0  0.027853 -0.058816         0 -0.048901 
L5 0 0 0 -4.9e-05        0 0.117034 -0.032111         0 -0.002706 
L3 0 0 0       0       0 0.10575 -0.032209         0  0.000267 
T12 0 0 0       0       0 0.10575 -0.032209         0  0.000267 
T8 0 0 0        0        0 0.148747        0 -0.03222 0.082966        0  0.03222 0.082966 -0.03222        0 0.148481  0.128882         0 -0.002955 0.123512        0 0.125926 -0.03222        0  0.09478 -0.03222        0 0.000267 
Neck 0 0 0 -0.000117         0   0.09841 -0.031469         0 -0.006798 -0.019705         0 -0.059149 
Head 0 0 0 -6.1e-05        0 0.188587 -0.006844 -0.075378    0.0761 -0.006844  0.075378    0.0761 -0.064495         0  0.062535 
RightShoulder 0 0 0         0 -0.149468         0 0.122777 0.032029 0.042705         0 -0.170821  0.053381 
RightUpperArm 0 0 0            0 -5.55112e-17    -0.319471         0 -0.031947 -0.319471         0  0.037272 -0.319471 
RightForeArm 0 0 0            0 -5.55112e-17    -0.261302    -0.026619 -5.55112e-17    -0.260215     0.026619 -5.55112e-17    -0.262389  -0.026619 2.1684e-19   0.001086 
RightHand 0 0 0            0 -2.77556e-17    -0.195422    -0.042715 -2.77556e-17    -0.112127 -0.021358  0.010679 -0.037376 
LeftShoulder 0 0 0        0 0.149468        0  0.122777 -0.032029  0.042705        0 0.170821 0.053381 
LeftUpperArm 0 0 0           0 5.55112e-17   -0.319471         0  0.031947 -0.319471         0 -0.037272 -0.319471 
LeftForeArm 0 0 0           0 5.55112e-17   -0.261302   -0.026619 5.55112e-17   -0.260215    0.026619 5.55112e-17   -0.262389   -0.026619 -2.1684e-19    0.001086 
LeftHand 0 0 0           0 2.77556e-17   -0.195422   -0.042715 2.77556e-17   -0.112127 -0.021358 -0.010679 -0.037376 
RightUpperLeg 0 0 0   1.3e-05         0 -0.445562  0.001598 -0.074843  -0.03324 -0.007469 -0.042767 -0.445788 -0.007469  0.037422 -0.445788  0.037385         0 -0.443631 
RightLowerLeg 0 0 0   2.2e-05         0 -0.435805 -0.007467 -0.042874 -0.000742 -0.007467  0.037515 -0.000742   1.1e-05 -0.032156 -0.435672   1.1e-05  0.032156 -0.435672  0.061815         0 -0.032736 
RightFoot 0 0 0  0.153354         0 -0.068011 -0.043704         0 -0.083809  0.121136  0.037594 -0.083676  0.121136 -0.039683 -0.083676  0.143066         0 -0.083676         0         0 -0.083676  0.107561  0.010443 -0.021019 
RightToe 0 0 0  0.067943         0 -0.015997 -0.033216  0.038393 -0.015997 -0.033216 -0.040525 -0.015997 
LeftUpperLeg 0 0 0   1.3e-05         0 -0.445562 0.001598 0.074843 -0.03324 -0.007469  0.042767 -0.445788 -0.007469 -0.037422 -0.445788  0.037385         0 -0.443631 
LeftLowerLeg 0 0 0   2.2e-05         0 -0.435805 -0.007467  0.042874 -0.000742 -0.007467 -0.037515 -0.000742   1.1e-05  0.032156 -0.435672   1.1e-05 -0.032156 -0.435672  0.061815         0 -0.032736 
LeftFoot 0 0 0  0.153354         0 -0.068011 -0.043704         0 -0.083809  0.121136 -0.037594 -0.083676  0.121136  0.039683 -0.083676  0.143066         0 -0.083676         0         0 -0.083676  0.107561 -0.010443 -0.021019 
LeftToe 0 0 0  0.067943         0 -0.015997 -0.033216 -0.038393 -0.015997 -0.033216  0.040525 -0.015997 
