Pelvis -0.061534 0.000491005 0.101202 0.923352 -0.0361103 -0.371329 0.0907329
L5 0 0 0 1 0 0 0
L3 0 0 0 1 0 0 0
T12 0 0 0 1 0 0 0
T8 0.15022 -1.50189e-07 0.0833275 0.0919829 -0.470171 -0.033105 -0.877145
Neck 0 0 0 1 0 0 0
Head -0.0744684 -0.000931149 0.0830493 0.588259 0.682789 -0.425993 -0.0792457
RightShoulder -0.0214537 -0.0529717 -0.0632519 0.721844 0.242459 -0.08019 -0.643215
RightUpperArm -0.0403568 -2.77556e-17 0.015999 0.617437 -0.292558 0.205598 -0.700651
RightForeArm -0.021206 -2.77556e-17 -0.00920231 0.748167 -0.266576 0.159381 -0.586327
RightHand 0.00372019 -1.38778e-17 0.0207394 0.73257 -0.0299923 0.113625 -0.670471
LeftShoulder -0.0214368 0.0525679 -0.0634404 0.562321 -0.244893 -0.125462 0.779797
LeftUpperArm -0.0390781 2.77556e-17 0.00980642 0.673039 -0.121908 -0.207228 0.699438
LeftForeArm -0.0013263 2.77556e-17 0.0144464 0.769254 0.0238453 -0.126029 0.625938
LeftHand 0.00844232 1.38778e-17 0.0285601 0.681384 -0.11471 -0.0398391 0.721782
RightUpperLeg 0.0143941 -0.0456297 -0.265153 0.522689 0.402285 0.617155 -0.429047
RightLowerLeg 0.032771 0.00773267 -0.141915 0.276527 -0.703845 -0.317673 -0.572032
RightFoot 0.0891313 0.00183581 -0.0109202 0.959285 -0.0163883 0.281956 -0.00199672
RightToe 0 0 0 1 0 0 0
LeftUpperLeg 0.012952 0.045045 -0.267577 0.323326 -0.628205 0.361676 0.608283
LeftLowerLeg 0.0330219 -0.00740644 -0.141832 -0.0758503 -0.734215 0.120808 -0.663763
LeftFoot 0.0888867 -0.00147932 -0.011072 0.938672 -0.210873 0.193375 0.192436
LeftToe 0 0 0 1 0 0 0
Pelvis 0 0 0  2.7e-05        0 0.105764  -1.4e-05 -0.085676 -0.000133  -1.4e-05  0.085676 -0.000133   -0.0212 -0.053548  0.108738  -0.0212 0.053548 0.108738  0.072514 -0.128514  0.077645 0.072514 0.128514 0.077645  0.037507 -0.107095  0.156573 0.037507 0.107095 0.156573 -0.058816 -0.053548 -0.048901 -0.058816  0.053548 -0.048901 -0.072514         0  0.027853 -0.058816         0 -0.048901 
L5 0 0 0 -4.9e-05        0 0.117034 -0.032111         0 -0.002706 
L3 0 0 0       0       0 0.10575 -0.032209         0  0.000267 
T12 0 0 0       0       0 0.10575 -0.032209         0  0.000267 
T8 0 0 0        0        0 0.148747        0 -0.03222 0.082966        0  0.03222 0.082966 -0.03222        0 0.148481  0.128882         0 -0.002955 0.123512        0 0.125926 -0.03222        0  0.09478 -0.03222        0 0.000267 
Neck 0 0 0 -0.000117         0   0.09841 -0.031469         0 -0.006798 -0.019705         0 -0.059149 
Head 0 0 0 -6.1e-05        0 0.188587 -0.006844 -0.075378    0.0761 -0.006844  0.075378    0.0761 -0.064495         0  0.062535 
RightShoulder 0 0 0         0 -0.149468         0 0.122777 0.032029 0.042705         0 -0.170821  0.053381 
RightUpperArm 0 0 0            0 -5.55112e-17    -0.319471         0 -0.031947 -0.319471         0  0.037272 -0.319471 
RightForeArm 0 0 0            0 -5.55112e-17    -0.261302    -0.026619 -5.55112e-17    -0.260215     0.026619 -5.55112e-17    -0.262389  -0.026619 2.1684e-19   0.001086 
RightHand 0 0 0            0 -2.77556e-17    -0.195422    -0.042715 -2.77556e-17    -0.112127 -0.021358  0.010679 -0.037376 
LeftShoulder 0 0 0        0 0.149468        0  0.122777 -0.032029  0.042705        0 0.170821 0.053381 
LeftUpperArm 0 0 0           0 5.55112e-17   -0.319471         0  0.031947 -0.319471         0 -0.037272 -0.319471 
LeftForeArm 0 0 0           0 5.55112e-17   -0.261302   -0.026619 5.55112e-17   -0.260215    0.026619 5.55112e-17   -0.262389   -0.026619 -2.1684e-19    0.001086 
LeftHand 0 0 0           0 2.77556e-17   -0.195422   -0.042715 2.77556e-17   -0.112127 -0.021358 -0.010679 -0.037376 
RightUpperLeg 0 0 0   1.3e-05         0 -0.445562  0.001598 -0.074843  -0.03324 -0.007469 -0.042767 -0.445788 -0.007469  0.037422 -0.445788  0.037385         0 -0.443631 
RightLowerLeg 0 0 0   2.2e-05         0 -0.435805 -0.007467 -0.042874 -0.000742 -0.007467  0.037515 -0.000742   1.1e-05 -0.032156 -0.435672   1.1e-05  0.032156 -0.435672  0.061815         0 -0.032736 
RightFoot 0 0 0  0.153354         0 -0.068011 -0.043704         0 -0.083809  0.121136  0.037594 -0.083676  0.121136 -0.039683 -0.083676  0.143066         0 -0.083676         0         0 -0.083676  0.107561  0.010443 -0.021019 
RightToe 0 0 0  0.067943         0 -0.015997 -0.033216  0.038393 -0.015997 -0.033216 -0.040525 -0.015997 
LeftUpperLeg 0 0 0   1.3e-05         0 -0.445562 0.001598 0.074843 -0.03324 -0.007469  0.042767 -0.445788 -0.007469 -0.037422 -0.445788  0.037385         0 -0.443631 
LeftLowerLeg 0 0 0   2.2e-05         0 -0.435805 -0.007467  0.042874 -0.000742 -0.007467 -0.037515 -0.000742   1.1e-05  0.032156 -0.435672   1.1e-05 -0.032156 -0.435672  0.061815         0 -0.032736 
LeftFoot 0 0 0  0.153354         0 -0.068011 -0.043704         0 -0.083809  0.121136 -0.037594 -0.083676  0.121136  0.039683 -0.083676  0.143066         0 -0.083676         0         0 -0.083676  0.107561 -0.010443 -0.021019 
LeftToe 0 0 0  0.067943         0 -0.015997 -0.033216 -0.038393 -0.015997 -0.033216  0.040525 -0.015997 
