Pelvis -0.056561 -0.00129104 0.0920421 0.0701332 0.398808 -0.0308776 -0.913827
L5 0 0 0 1 0 0 0
L3 0 0 0 1 0 0 0
T12 0 0 0 1 0 0 0
T8 0.150562 -0.000834444 0.082269 0.0548375 -0.502241 -0.0748464 -0.859735
Neck 0 0 0 1 0 0 0
Head -0.076012 0.00112722 0.0809788 0.0118431 -0.464789 0.0271082 -0.884928
RightShoulder -0.0212014 -0.0538515 -0.0628123 0.796287 0.292108 -0.13823 -0.511363
RightUpperArm -0.0223992 -2.77556e-17 0.0155328 0.758317 0.0642414 -0.16811 -0.626552
RightForeArm -0.0376454 -2.77556e-17 0.0050988 0.391668 -0.635728 0.464463 -0.476152
RightHand 0.00340167 -1.38778e-17 0.0214481 0.73296 0.106339 -0.0441455 -0.670458
LeftShoulder -0.0219647 0.0563249 -0.0652313 0.60427 -0.493035 -0.16125 0.604791
LeftUpperArm -0.0422421 2.77556e-17 0.000381258 0.68651 -0.273913 -0.323142 0.590978
LeftForeArm -0.023638 2.77556e-17 0.00100896 0.462637 0.559361 0.443625 0.525623
LeftHand 0.00930583 1.38778e-17 0.0299611 0.586474 -0.120727 0.00976397 0.80086
RightUpperLeg 0.0154068 -0.0448716 -0.272192 0.497108 0.540055 0.522238 -0.434156
RightLowerLeg 0.0327819 0.00732864 -0.144402 0.618467 -0.337521 0.680601 0.200898
RightFoot 0.0918351 -0.00234639 -0.0149821 0.957302 -0.0220144 0.288102 -0.00914983
RightToe 0 0 0 1 0 0 0
LeftUpperLeg 0.0159432 0.0429208 -0.267562 0.347086 -0.634378 0.472069 0.504229
LeftLowerLeg 0.0340655 -0.00549429 -0.150394 0.453926 0.478938 0.621469 -0.422307
LeftFoot 0.0882814 -0.000950932 -0.0141573 0.942332 -0.173461 0.208507 0.196076
LeftToe 0 0 0 1 0 0 0
Pelvis 0 0 0  2.7e-05        0 0.105764  -1.4e-05 -0.085676 -0.000133  -1.4e-05  0.085676 -0.000133   -0.0212 -0.053548  0.108738  -0.0212 0.053548 0.108738  0.072514 -0.128514  0.077645 0.072514 0.128514 0.077645  0.037507 -0.107095  0.156573 0.037507 0.107095 0.156573 -0.058816 -0.053548 -0.048901 -0.058816  0.053548 -0.048901 -0.072514         0  0.027853 -0.058816         0 -0.048901 
L5 0 0 0 -4.9e-05        0 0.117034 -0.032111         0 -0.002706 
L3 0 0 0       0       0 0.10575 -0.032209         0  0.000267 
T12 0 0 0       0       0 0.10575 -0.032209         0  0.000267 
T8 0 0 0        0        0 0.148747        0 -0.03222 0.082966        0  0.03222 0.082966 -0.03222        0 0.148481  0.128882         0 -0.002955 0.123512        0 0.125926 -0.03222        0  0.09478 -0.03222        0 0.000267 
Neck 0 0 0 -0.000117         0   0.09841 -0.031469         0 -0.006798 -0.019705         0 -0.059149 
Head 0 0 0 -6.1e-05        0 0.188587 -0.006844 -0.075378    0.0761 -0.006844  0.075378    0.0761 -0.064495         0  0.062535 
RightShoulder 0 0 0         0 -0.149468         0 0.122777 0.032029 0.042705         0 -0.170821  0.053381 
RightUpperArm 0 0 0            0 -5.55112e-17    -0.319471         0 -0.031947 -0.319471         0  0.037272 -0.319471 
RightForeArm 0 0 0            0 -5.55112e-17    -0.261302    -0.026619 -5.55112e-17    -0.260215     0.026619 -5.55112e-17    -0.262389  -0.026619 2.1684e-19   0.001086 
RightHand 0 0 0            0 -2.77556e-17    -0.195422    -0.042715 -2.77556e-17    -0.112127 -0.021358  0.010679 -0.037376 
LeftShoulder 0 0 0        0 0.149468        0  0.122777 -0.032029  0.042705        0 0.170821 0.053381 
LeftUpperArm 0 0 0           0 5.55112e-17   -0.319471         0  0.031947 -0.319471         0 -0.037272 -0.319471 
LeftForeArm 0 0 0           0 5.55112e-17   -0.261302   -0.026619 5.55112e-17   -0.260215    0.026619 5.55112e-17   -0.262389   -0.026619 -2.1684e-19    0.001086 
LeftHand 0 0 0           0 2.77556e-17   -0.195422   -0.042715 2.77556e-17   -0.112127 -0.021358 -0.010679 -0.037376 
RightUpperLeg 0 0 0   1.3e-05         0 -0.445562  0.001598 -0.074843  -0.03324 -0.007469 -0.042767 -0.445788 -0.007469  0.037422 -0.445788  0.037385         0 -0.443631 
RightLowerLeg 0 0 0   2.2e-05         0 -0.435805 -0.007467 -0.042874 -0.000742 -0.007467  0.037515 -0.000742   1.1e-05 -0.032156 -0.435672   1.1e-05  0.032156 -0.435672  0.061815         0 -0.032736 
RightFoot 0 0 0  0.153354         0 -0.068011 -0.043704         0 -0.083809  0.121136  0.037594 -0.083676  0.121136 -0.039683 -0.083676  0.143066         0 -0.083676         0         0 -0.083676  0.107561  0.010443 -0.021019 
RightToe 0 0 0  0.067943         0 -0.015997 -0.033216  0.038393 -0.015997 -0.033216 -0.040525 -0.015997 
LeftUpperLeg 0 0 0   1.3e-05         0 -0.445562 0.001598 0.074843 -0.03324 -0.007469  0.042767 -0.445788 -0.007469 -0.037422 -0.445788  0.037385         0 -0.443631 
LeftLowerLeg 0 0 0   2.2e-05         0 -0.435805 -0.007467  0.042874 -0.000742 -0.007467 -0.037515 -0.000742   1.1e-05  0.032156 -0.435672   1.1e-05 -0.032156 -0.435672  0.061815         0 -0.032736 
LeftFoot 0 0 0  0.153354         0 -0.068011 -0.043704         0 -0.083809  0.121136 -0.037594 -0.083676  0.121136  0.039683 -0.083676  0.143066         0 -0.083676         0         0 -0.083676  0.107561 -0.010443 -0.021019 
LeftToe 0 0 0  0.067943         0 -0.015997 -0.033216 -0.038393 -0.015997 -0.033216  0.040525 -0.015997 
