Pelvis -0.0625925 -0.00366152 0.105037 0.0705847 0.399346 -0.0298685 -0.913591
L5 0 0 0 1 0 0 0
L3 0 0 0 1 0 0 0
T12 0 0 0 1 0 0 0
T8 0.155047 0.00335562 0.0930632 0.0548693 -0.502238 -0.0748531 -0.859734
Neck 0 0 0 1 0 0 0
Head -0.0737553 9.54277e-05 0.0790301 0.0118679 -0.464797 0.0270981 -0.884923
RightShoulder -0.0193244 -0.0551506 -0.0624876 0.7963 0.292114 -0.138209 -0.511347
RightUpperArm -0.0272329 -2.77556e-17 0.016062 0.758317 0.0642349 -0.168093 -0.626558
RightForeArm -0.00774788 -2.77556e-17 0.0438848 0.391651 -0.635734 0.464477 -0.476144
RightHand 0.00251415 -1.38778e-17 0.0272199 0.732958 0.106336 -0.0441464 -0.67046
LeftShoulder -0.0217901 0.0559733 -0.0631094 0.604264 -0.493022 -0.161262 0.604806
LeftUpperArm -0.0272835 2.77556e-17 0.0196768 0.686497 -0.273921 -0.323167 0.590975
LeftForeArm -0.00447736 2.77556e-17 0.0530594 0.462629 0.559352 0.443618 0.525644
LeftHand -0.000214074 1.38778e-17 0.0368237 0.586469 -0.120731 0.0097598 0.800864
RightUpperLeg 0.0120836 -0.0465172 -0.269663 0.498128 0.539721 0.52029 -0.435739
RightLowerLeg 0.0330059 0.00727935 -0.140883 0.618317 -0.339272 0.680217 0.19971
RightFoot 0.12182 -0.0207082 0.00387685 0.957377 -0.0222773 0.287598 -0.0148245
RightToe 0 0 0 1 0 0 0
LeftUpperLeg 0.0161153 0.0458031 -0.264179 0.346674 -0.634453 0.468672 0.507576
LeftLowerLeg 0.0371018 -0.00579853 -0.127735 0.452223 0.480605 0.6214 -0.422347
LeftFoot 0.09572 0.00344743 -0.0159942 0.941094 -0.172558 0.20721 0.20403
LeftToe 0 0 0 1 0 0 0
Pelvis 0 0 0  2.7e-05        0 0.105764  -1.4e-05 -0.085676 -0.000133  -1.4e-05  0.085676 -0.000133   -0.0212 -0.053548  0.108738  -0.0212 0.053548 0.108738  0.072514 -0.128514  0.077645 0.072514 0.128514 0.077645  0.037507 -0.107095  0.156573 0.037507 0.107095 0.156573 -0.058816 -0.053548 -0.048901 -0.058816  0.053548 -0.048901 -0.072514         0  0.027853 -0.058816         0 -0.048901 
L5 0 0 0 -4.9e-05        0 0.117034 -0.032111         0 -0.002706 
L3 0 0 0       0       0 0.10575 -0.032209         0  0.000267 
T12 0 0 0       0       0 0.10575 -0.032209         0  0.000267 
T8 0 0 0        0        0 0.148747        0 -0.03222 0.082966        0  0.03222 0.082966 -0.03222        0 0.148481  0.128882         0 -0.002955 0.123512        0 0.125926 -0.03222        0  0.09478 -0.03222        0 0.000267 
Neck 0 0 0 -0.000117         0   0.09841 -0.031469         0 -0.006798 -0.019705         0 -0.059149 
Head 0 0 0 -6.1e-05        0 0.188587 -0.006844 -0.075378    0.0761 -0.006844  0.075378    0.0761 -0.064495         0  0.062535 
RightShoulder 0 0 0         0 -0.149468         0 0.122777 0.032029 0.042705         0 -0.170821  0.053381 
RightUpperArm 0 0 0            0 -5.55112e-17    -0.319471         0 -0.031947 -0.319471         0  0.037272 -0.319471 
RightForeArm 0 0 0            0 -5.55112e-17    -0.261302    -0.026619 -5.55112e-17    -0.260215     0.026619 -5.55112e-17    -0.262389  -0.026619 2.1684e-19   0.001086 
RightHand 0 0 0            0 -2.77556e-17    -0.195422    -0.042715 -2.77556e-17    -0.112127 -0.021358  0.010679 -0.037376 
LeftShoulder 0 0 0        0 0.149468        0  0.122777 -0.032029  0.042705        0 0.170821 0.053381 
LeftUpperArm 0 0 0           0 5.55112e-17   -0.319471         0  0.031947 -0.319471         0 -0.037272 -0.319471 
LeftForeArm 0 0 0           0 5.55112e-17   -0.261302   -0.026619 5.55112e-17   -0.260215    0.026619 5.55112e-17   -0.262389   -0.026619 -2.1684e-19    0.001086 
LeftHand 0 0 0           0 2.77556e-17   -0.195422   -0.042715 2.77556e-17   -0.112127 -0.021358 -0.010679 -0.037376 
RightUpperLeg 0 0 0   1.3e-05         0 -0.445562  0.001598 -0.074843  -0.03324 -0.007469 -0.042767 -0.445788 -0.007469  0.037422 -0.445788  0.037385         0 -0.443631 
RightLowerLeg 0 0 0   2.2e-05         0 -0.435805 -0.007467 -0.042874 -0.000742 -0.007467  0.037515 -0.000742   1.1e-05 -0.032156 -0.435672   1.1e-05  0.032156 -0.435672  0.061815         0 -0.032736 
RightFoot 0 0 0  0.153354         0 -0.068011 -0.043704         0 -0.083809  0.121136  0.037594 -0.083676  0.121136 -0.039683 -0.083676  0.143066         0 -0.083676         0         0 -0.083676  0.107561  0.010443 -0.021019 
RightToe 0 0 0  0.067943         0 -0.015997 -0.033216  0.038393 -0.015997 -0.033216 -0.040525 -0.015997 
LeftUpperLeg 0 0 0   1.3e-05         0 -0.445562 0.001598 0.074843 -0.03324 -0.007469  0.042767 -0.445788 -0.007469 -0.037422 -0.445788  0.037385         0 -0.443631 
LeftLowerLeg 0 0 0   2.2e-05         0 -0.435805 -0.007467  0.042874 -0.000742 -0.007467 -0.037515 -0.000742   1.1e-05  0.032156 -0.435672   1.1e-05 -0.032156 -0.435672  0.061815         0 -0.032736 
LeftFoot 0 0 0  0.153354         0 -0.068011 -0.043704         0 -0.083809  0.121136 -0.037594 -0.083676  0.121136  0.039683 -0.083676  0.143066         0 -0.083676         0         0 -0.083676  0.107561 -0.010443 -0.021019 
LeftToe 0 0 0  0.067943         0 -0.015997 -0.033216 -0.038393 -0.015997 -0.033216  0.040525 -0.015997 
