Pelvis -0.0579263 0.00256988 0.0969118 0.923491 -0.0363861 -0.371123 0.0900409
L5 0 0 0 1 0 0 0
L3 0 0 0 1 0 0 0
T12 0 0 0 1 0 0 0
T8 0.150404 1.49155e-05 0.0835889 0.0919917 -0.470193 -0.0331021 -0.877133
Neck 0 0 0 1 0 0 0
Head -0.0744766 -0.000125274 0.0827155 0.588258 0.682803 -0.425975 -0.0792319
RightShoulder -0.0213169 -0.0540863 -0.0633177 0.721847 0.24246 -0.0801747 -0.643213
RightUpperArm -0.0297675 -2.77556e-17 0.0327446 0.617433 -0.292558 0.205608 -0.700651
RightForeArm -0.0294489 -2.77556e-17 0.046939 0.748161 -0.266576 0.15939 -0.586334
RightHand 0.00696883 -1.38778e-17 0.028737 0.732568 -0.0299919 0.113626 -0.670473
LeftShoulder -0.0215308 0.0535077 -0.0631691 0.562316 -0.244879 -0.125466 0.779803
LeftUpperArm -0.0429498 2.77556e-17 0.0246961 0.673036 -0.121898 -0.20723 0.699441
LeftForeArm -0.03066 2.77556e-17 0.0449749 0.769245 0.0238492 -0.126034 0.625946
LeftHand 0.00473875 1.38778e-17 0.0285029 0.681382 -0.114711 -0.039843 0.721785
RightUpperLeg 0.0101447 -0.0346711 -0.292135 0.521577 0.402305 0.615783 -0.432341
RightLowerLeg 0.0327022 0.00768469 -0.141832 0.276789 -0.704417 -0.319099 -0.570403
RightFoot 0.0888653 0.00155879 -0.011201 0.959177 -0.0163324 0.282319 -0.00281143
RightToe 0 0 0 1 0 0 0
LeftUpperLeg 0.0128253 0.0453406 -0.267321 0.323902 -0.628741 0.3613 0.607646
LeftLowerLeg 0.0329619 -0.00792642 -0.141787 -0.0742989 -0.733567 0.122067 -0.664424
LeftFoot 0.0888932 -0.00155498 -0.0111032 0.938671 -0.21099 0.19237 0.193323
LeftToe 0 0 0 1 0 0 0
Pelvis 0 0 0  2.7e-05        0 0.105764  -1.4e-05 -0.085676 -0.000133  -1.4e-05  0.085676 -0.000133   -0.0212 -0.053548  0.108738  -0.0212 0.053548 0.108738  0.072514 -0.128514  0.077645 0.072514 0.128514 0.077645  0.037507 -0.107095  0.156573 0.037507 0.107095 0.156573 -0.058816 -0.053548 -0.048901 -0.058816  0.053548 -0.048901 -0.072514         0  0.027853 -0.058816         0 -0.048901 
L5 0 0 0 -4.9e-05        0 0.117034 -0.032111         0 -0.002706 
L3 0 0 0       0       0 0.10575 -0.032209         0  0.000267 
T12 0 0 0       0       0 0.10575 -0.032209         0  0.000267 
T8 0 0 0        0        0 0.148747        0 -0.03222 0.082966        0  0.03222 0.082966 -0.03222        0 0.148481  0.128882         0 -0.002955 0.123512        0 0.125926 -0.03222        0  0.09478 -0.03222        0 0.000267 
Neck 0 0 0 -0.000117         0   0.09841 -0.031469         0 -0.006798 -0.019705         0 -0.059149 
Head 0 0 0 -6.1e-05        0 0.188587 -0.006844 -0.075378    0.0761 -0.006844  0.075378    0.0761 -0.064495         0  0.062535 
RightShoulder 0 0 0         0 -0.149468         0 0.122777 0.032029 0.042705         0 -0.170821  0.053381 
RightUpperArm 0 0 0            0 -5.55112e-17    -0.319471         0 -0.031947 -0.319471         0  0.037272 -0.319471 
RightForeArm 0 0 0            0 -5.55112e-17    -0.261302    -0.026619 -5.55112e-17    -0.260215     0.026619 -5.55112e-17    -0.262389  -0.026619 2.1684e-19   0.001086 
RightHand 0 0 0            0 -2.77556e-17    -0.195422    -0.042715 -2.77556e-17    -0.112127 -0.021358  0.010679 -0.037376 
LeftShoulder 0 0 0        0 0.149468        0  0.122777 -0.032029  0.042705        0 0.170821 0.053381 
LeftUpperArm 0 0 0           0 5.55112e-17   -0.319471         0  0.031947 -0.319471         0 -0.037272 -0.319471 
LeftForeArm 0 0 0           0 5.55112e-17   -0.261302   -0.026619 5.55112e-17   -0.260215    0.026619 5.55112e-17   -0.262389   -0.026619 -2.1684e-19    0.001086 
LeftHand 0 0 0           0 2.77556e-17   -0.195422   -0.042715 2.77556e-17   -0.112127 -0.021358 -0.010679 -0.037376 
RightUpperLeg 0 0 0   1.3e-05         0 -0.445562  0.001598 -0.074843  -0.03324 -0.007469 -0.042767 -0.445788 -0.007469  0.037422 -0.445788  0.037385         0 -0.443631 
RightLowerLeg 0 0 0   2.2e-05         0 -0.435805 -0.007467 -0.042874 -0.000742 -0.007467  0.037515 -0.000742   1.1e-05 -0.032156 -0.435672   1.1e-05  0.032156 -0.435672  0.061815         0 -0.032736 
RightFoot 0 0 0  0.153354         0 -0.068011 -0.043704         0 -0.083809  0.121136  0.037594 -0.083676  0.121136 -0.039683 -0.083676  0.143066         0 -0.083676         0         0 -0.083676  0.107561  0.010443 -0.021019 
RightToe 0 0 0  0.067943         0 -0.015997 -0.033216  0.038393 -0.015997 -0.033216 -0.040525 -0.015997 
LeftUpperLeg 0 0 0   1.3e-05         0 -0.445562 0.001598 0.074843 -0.03324 -0.007469  0.042767 -0.445788 -0.007469 -0.037422 -0.445788  0.037385         0 -0.443631 
LeftLowerLeg 0 0 0   2.2e-05         0 -0.435805 -0.007467  0.042874 -0.000742 -0.007467 -0.037515 -0.000742   1.1e-05  0.032156 -0.435672   1.1e-05 -0.032156 -0.435672  0.061815         0 -0.032736 
LeftFoot 0 0 0  0.153354         0 -0.068011 -0.043704         0 -0.083809  0.121136 -0.037594 -0.083676  0.121136  0.039683 -0.083676  0.143066         0 -0.083676         0         0 -0.083676  0.107561 -0.010443 -0.021019 
LeftToe 0 0 0  0.067943         0 -0.015997 -0.033216 -0.038393 -0.015997 -0.033216  0.040525 -0.015997 
