Pelvis -0.0597353 -0.000191466 0.10242 0.923657 -0.0362364 -0.370706 0.090121
L5 0 0 0 1 0 0 0
L3 0 0 0 1 0 0 0
T12 0 0 0 1 0 0 0
T8 0.149984 0.000168606 0.0828698 0.0919759 -0.470189 -0.0330781 -0.877136
Neck 0 0 0 1 0 0 0
Head -0.0715071 0.00368383 0.0908534 0.588262 0.68279 -0.425985 -0.0792585
RightShoulder -0.0210622 -0.0534968 -0.0637264 0.721833 0.242475 -0.0801777 -0.643223
RightUpperArm -0.00762525 -2.77556e-17 -0.000179674 0.617438 -0.29255 0.205603 -0.70065
RightForeArm -0.0119054 -2.77556e-17 0.00995098 0.748168 -0.266572 0.159385 -0.586328
RightHand 0.000423815 -1.38778e-17 0.0277989 0.73257 -0.029992 0.113625 -0.670472
LeftShoulder -0.0213488 0.0529622 -0.0632959 0.562328 -0.244875 -0.125467 0.779795
LeftUpperArm -0.00607994 2.77556e-17 0.0156228 0.673037 -0.121897 -0.20723 0.69944
LeftForeArm -0.00309778 2.77556e-17 0.0190046 0.769241 0.0238606 -0.126031 0.625952
LeftHand 0.00104087 1.38778e-17 0.0328066 0.681382 -0.114705 -0.0398438 0.721785
RightUpperLeg 0.00978384 -0.0377112 -0.274866 0.521084 0.403149 0.616719 -0.430811
RightLowerLeg 0.0327866 0.00760474 -0.141865 0.277558 -0.703923 -0.318202 -0.571142
RightFoot 0.0888294 0.00161633 -0.0111005 0.959275 -0.0163936 0.281992 -0.0020776
RightToe 0 0 0 1 0 0 0
LeftUpperLeg 0.0127152 0.0453406 -0.267388 0.323407 -0.628868 0.361755 0.607507
LeftLowerLeg 0.0328915 -0.00764337 -0.141868 -0.0756133 -0.733463 0.120922 -0.664598
LeftFoot 0.0888849 -0.00131656 -0.0111221 0.938737 -0.211153 0.192466 0.192731
LeftToe 0 0 0 1 0 0 0
Pelvis 0 0 0  2.7e-05        0 0.105764  -1.4e-05 -0.085676 -0.000133  -1.4e-05  0.085676 -0.000133   -0.0212 -0.053548  0.108738  -0.0212 0.053548 0.108738  0.072514 -0.128514  0.077645 0.072514 0.128514 0.077645  0.037507 -0.107095  0.156573 0.037507 0.107095 0.156573 -0.058816 -0.053548 -0.048901 -0.058816  0.053548 -0.048901 -0.072514         0  0.027853 -0.058816         0 -0.048901 
L5 0 0 0 -4.9e-05        0 0.117034 -0.032111         0 -0.002706 
L3 0 0 0       0       0 0.10575 -0.032209         0  0.000267 
T12 0 0 0       0       0 0.10575 -0.032209         0  0.000267 
T8 0 0 0        0        0 0.148747        0 -0.03222 0.082966        0  0.03222 0.082966 -0.03222        0 0.148481  0.128882         0 -0.002955 0.123512        0 0.125926 -0.03222        0  0.09478 -0.03222        0 0.000267 
Neck 0 0 0 -0.000117         0   0.09841 -0.031469         0 -0.006798 -0.019705         0 -0.059149 
Head 0 0 0 -6.1e-05        0 0.188587 -0.006844 -0.075378    0.0761 -0.006844  0.075378    0.0761 -0.064495         0  0.062535 
RightShoulder 0 0 0         0 -0.149468         0 0.122777 0.032029 0.042705         0 -0.170821  0.053381 
RightUpperArm 0 0 0            0 -5.55112e-17    -0.319471         0 -0.031947 -0.319471         0  0.037272 -0.319471 
RightForeArm 0 0 0            0 -5.55112e-17    -0.261302    -0.026619 -5.55112e-17    -0.260215     0.026619 -5.55112e-17    -0.262389  -0.026619 2.1684e-19   0.001086 
RightHand 0 0 0            0 -2.77556e-17    -0.195422    -0.042715 -2.77556e-17    -0.112127 -0.021358  0.010679 -0.037376 
LeftShoulder 0 0 0        0 0.149468        0  0.122777 -0.032029  0.042705        0 0.170821 0.053381 
LeftUpperArm 0 0 0           0 5.55112e-17   -0.319471         0  0.031947 -0.319471         0 -0.037272 -0.319471 
LeftForeArm 0 0 0           0 5.55112e-17   -0.261302   -0.026619 5.55112e-17   -0.260215    0.026619 5.55112e-17   -0.262389   -0.026619 -2.1684e-19    0.001086 
LeftHand 0 0 0           0 2.77556e-17   -0.195422   -0.042715 2.77556e-17   -0.112127 -0.021358 -0.010679 -0.037376 
RightUpperLeg 0 0 0   1.3e-05         0 -0.445562  0.001598 -0.074843  -0.03324 -0.007469 -0.042767 -0.445788 -0.007469  0.037422 -0.445788  0.037385         0 -0.443631 
RightLowerLeg 0 0 0   2.2e-05         0 -0.435805 -0.007467 -0.042874 -0.000742 -0.007467  0.037515 -0.000742   1.1e-05 -0.032156 -0.435672   1.1e-05  0.032156 -0.435672  0.061815         0 -0.032736 
RightFoot 0 0 0  0.153354         0 -0.068011 -0.043704         0 -0.083809  0.121136  0.037594 -0.083676  0.121136 -0.039683 -0.083676  0.143066         0 -0.083676         0         0 -0.083676  0.107561  0.010443 -0.021019 
RightToe 0 0 0  0.067943         0 -0.015997 -0.033216  0.038393 -0.015997 -0.033216 -0.040525 -0.015997 
LeftUpperLeg 0 0 0   1.3e-05         0 -0.445562 0.001598 0.074843 -0.03324 -0.007469  0.042767 -0.445788 -0.007469 -0.037422 -0.445788  0.037385         0 -0.443631 
LeftLowerLeg 0 0 0   2.2e-05         0 -0.435805 -0.007467  0.042874 -0.000742 -0.007467 -0.037515 -0.000742   1.1e-05  0.032156 -0.435672   1.1e-05 -0.032156 -0.435672  0.061815         0 -0.032736 
LeftFoot 0 0 0  0.153354         0 -0.068011 -0.043704         0 -0.083809  0.121136 -0.037594 -0.083676  0.121136  0.039683 -0.083676  0.143066         0 -0.083676         0         0 -0.083676  0.107561 -0.010443 -0.021019 
LeftToe 0 0 0  0.067943         0 -0.015997 -0.033216 -0.038393 -0.015997 -0.033216  0.040525 -0.015997 
