Pelvis -0.0586485 0.00365594 0.0951557 0.0700323 0.398759 -0.0307686 -0.913859
L5 0 0 0 1 0 0 0
L3 0 0 0 1 0 0 0
T12 0 0 0 1 0 0 0
T8 0.151425 0.0076045 0.0831746 0.0548506 -0.502245 -0.0748407 -0.859733
Neck 0 0 0 1 0 0 0
Head -0.0645856 -0.00527977 0.0868327 0.0118606 -0.464772 0.0271278 -0.884935
RightShoulder -0.0225483 -0.0429486 -0.0626571 0.796292 0.292111 -0.138217 -0.511358
RightUpperArm -0.0165724 -2.77556e-17 0.0157966 0.758314 0.0642462 -0.168104 -0.626557
RightForeArm -0.00911244 -2.77556e-17 0.0286183 0.391656 -0.635728 0.464473 -0.47615
RightHand 0.00568128 -1.38778e-17 0.029611 0.732956 0.106338 -0.0441464 -0.670461
LeftShoulder -0.0214815 0.0545277 -0.0647921 0.604266 -0.493028 -0.16126 0.604799
LeftUpperArm -0.0483331 2.77556e-17 -0.00604276 0.686504 -0.273916 -0.323157 0.590975
LeftForeArm -0.0304899 2.77556e-17 -0.0275241 0.462632 0.559361 0.443618 0.525633
LeftHand 0.00576756 1.38778e-17 0.0274092 0.586473 -0.120732 0.00976034 0.800861
RightUpperLeg 0.0119655 -0.0461148 -0.269418 0.490991 0.54688 0.516157 -0.439811
RightLowerLeg 0.0341722 0.00842423 -0.147106 0.616462 -0.343568 0.678979 0.202296
RightFoot 0.0651898 0.00152654 0.00136923 0.956978 -0.0211338 0.288587 -0.0215138
RightToe 0 0 0 1 0 0 0
LeftUpperLeg 0.0144967 0.0453946 -0.273086 0.351917 -0.630739 0.472209 0.505313
LeftLowerLeg 0.0320575 -0.00759003 -0.146974 0.453854 0.479487 0.623206 -0.419193
LeftFoot 0.0898609 -0.00707574 -0.0117205 0.943034 -0.170184 0.208465 0.195622
LeftToe 0 0 0 1 0 0 0
Pelvis 0 0 0  2.7e-05        0 0.105764  -1.4e-05 -0.085676 -0.000133  -1.4e-05  0.085676 -0.000133   -0.0212 -0.053548  0.108738  -0.0212 0.053548 0.108738  0.072514 -0.128514  0.077645 0.072514 0.128514 0.077645  0.037507 -0.107095  0.156573 0.037507 0.107095 0.156573 -0.058816 -0.053548 -0.048901 -0.058816  0.053548 -0.048901 -0.072514         0  0.027853 -0.058816         0 -0.048901 
L5 0 0 0 -4.9e-05        0 0.117034 -0.032111         0 -0.002706 
L3 0 0 0       0       0 0.10575 -0.032209         0  0.000267 
T12 0 0 0       0       0 0.10575 -0.032209         0  0.000267 
T8 0 0 0        0        0 0.148747        0 -0.03222 0.082966        0  0.03222 0.082966 -0.03222        0 0.148481  0.128882         0 -0.002955 0.123512        0 0.125926 -0.03222        0  0.09478 -0.03222        0 0.000267 
Neck 0 0 0 -0.000117         0   0.09841 -0.031469         0 -0.006798 -0.019705         0 -0.059149 
Head 0 0 0 -6.1e-05        0 0.188587 -0.006844 -0.075378    0.0761 -0.006844  0.075378    0.0761 -0.064495         0  0.062535 
RightShoulder 0 0 0         0 -0.149468         0 0.122777 0.032029 0.042705         0 -0.170821  0.053381 
RightUpperArm 0 0 0            0 -5.55112e-17    -0.319471         0 -0.031947 -0.319471         0  0.037272 -0.319471 
RightForeArm 0 0 0            0 -5.55112e-17    -0.261302    -0.026619 -5.55112e-17    -0.260215     0.026619 -5.55112e-17    -0.262389  -0.026619 2.1684e-19   0.001086 
RightHand 0 0 0            0 -2.77556e-17    -0.195422    -0.042715 -2.77556e-17    -0.112127 -0.021358  0.010679 -0.037376 
LeftShoulder 0 0 0        0 0.149468        0  0.122777 -0.032029  0.042705        0 0.170821 0.053381 
LeftUpperArm 0 0 0           0 5.55112e-17   -0.319471         0  0.031947 -0.319471         0 -0.037272 -0.319471 
LeftForeArm 0 0 0           0 5.55112e-17   -0.261302   -0.026619 5.55112e-17   -0.260215    0.026619 5.55112e-17   -0.262389   -0.026619 -2.1684e-19    0.001086 
LeftHand 0 0 0           0 2.77556e-17   -0.195422   -0.042715 2.77556e-17   -0.112127 -0.021358 -0.010679 -0.037376 
RightUpperLeg 0 0 0   1.3e-05         0 -0.445562  0.001598 -0.074843  -0.03324 -0.007469 -0.042767 -0.445788 -0.007469  0.037422 -0.445788  0.037385         0 -0.443631 
RightLowerLeg 0 0 0   2.2e-05         0 -0.435805 -0.007467 -0.042874 -0.000742 -0.007467  0.037515 -0.000742   1.1e-05 -0.032156 -0.435672   1.1e-05  0.032156 -0.435672  0.061815         0 -0.032736 
RightFoot 0 0 0  0.153354         0 -0.068011 -0.043704         0 -0.083809  0.121136  0.037594 -0.083676  0.121136 -0.039683 -0.083676  0.143066         0 -0.083676         0         0 -0.083676  0.107561  0.010443 -0.021019 
RightToe 0 0 0  0.067943         0 -0.015997 -0.033216  0.038393 -0.015997 -0.033216 -0.040525 -0.015997 
LeftUpperLeg 0 0 0   1.3e-05         0 -0.445562 0.001598 0.074843 -0.03324 -0.007469  0.042767 -0.445788 -0.007469 -0.037422 -0.445788  0.037385         0 -0.443631 
LeftLowerLeg 0 0 0   2.2e-05         0 -0.435805 -0.007467  0.042874 -0.000742 -0.007467 -0.037515 -0.000742   1.1e-05  0.032156 -0.435672   1.1e-05 -0.032156 -0.435672  0.061815         0 -0.032736 
LeftFoot 0 0 0  0.153354         0 -0.068011 -0.043704         0 -0.083809  0.121136 -0.037594 -0.083676  0.121136  0.039683 -0.083676  0.143066         0 -0.083676         0         0 -0.083676  0.107561 -0.010443 -0.021019 
LeftToe 0 0 0  0.067943         0 -0.015997 -0.033216 -0.038393 -0.015997 -0.033216  0.040525 -0.015997 
