Pelvis -0.0607869 -0.00667557 0.0990358 0.0707434 0.398688 -0.0306717 -0.91384
L5 0 0 0 1 0 0 0
L3 0 0 0 1 0 0 0
T12 0 0 0 1 0 0 0
T8 0.154807 -0.00282522 0.0850058 0.0548416 -0.502246 -0.0748395 -0.859733
Neck 0 0 0 1 0 0 0
Head -0.0682401 0.00838243 0.0794188 0.0118458 -0.464804 0.0271306 -0.884919
RightShoulder -0.0194957 -0.0596549 -0.0639899 0.796282 0.292117 -0.138221 -0.511368
RightUpperArm -0.00543993 -2.77556e-17 0.00548796 0.758317 0.0642415 -0.168099 -0.626554
RightForeArm -0.0119755 -2.77556e-17 0.0262608 0.391652 -0.635738 0.464476 -0.476139
RightHand -0.00294799 -1.38778e-17 0.0286996 0.732959 0.106336 -0.0441421 -0.670458
LeftShoulder -0.0238665 0.0497971 -0.0644683 0.604282 -0.493021 -0.161254 0.60479
LeftUpperArm -0.0531668 2.77556e-17 -0.00812807 0.686505 -0.273909 -0.323156 0.590978
LeftForeArm -0.00740981 2.77556e-17 0.032058 0.462625 0.559362 0.443622 0.525634
LeftHand 0.00630031 1.38778e-17 0.0293809 0.586472 -0.120728 0.00976138 0.800863
RightUpperLeg 0.0092056 -0.0442074 -0.266578 0.489662 0.548782 0.516536 -0.438473
RightLowerLeg 0.0340091 0.00894162 -0.143812 0.617436 -0.342862 0.678133 0.203361
RightFoot 0.0891384 -0.0042282 -0.0061634 0.957243 -0.0212985 0.287894 -0.0186479
RightToe 0 0 0 1 0 0 0
LeftUpperLeg 0.0148149 0.0430607 -0.268421 0.34789 -0.633402 0.470717 0.506161
LeftLowerLeg 0.0335563 -0.00842146 -0.147404 0.452859 0.479845 0.622095 -0.421502
LeftFoot 0.0875877 -0.00330001 -0.0169062 0.941991 -0.171964 0.20808 0.199461
LeftToe 0 0 0 1 0 0 0
Pelvis 0 0 0  2.7e-05        0 0.105764  -1.4e-05 -0.085676 -0.000133  -1.4e-05  0.085676 -0.000133   -0.0212 -0.053548  0.108738  -0.0212 0.053548 0.108738  0.072514 -0.128514  0.077645 0.072514 0.128514 0.077645  0.037507 -0.107095  0.156573 0.037507 0.107095 0.156573 -0.058816 -0.053548 -0.048901 -0.058816  0.053548 -0.048901 -0.072514         0  0.027853 -0.058816         0 -0.048901 
L5 0 0 0 -4.9e-05        0 0.117034 -0.032111         0 -0.002706 
L3 0 0 0       0       0 0.10575 -0.032209         0  0.000267 
T12 0 0 0       0       0 0.10575 -0.032209         0  0.000267 
T8 0 0 0        0        0 0.148747        0 -0.03222 0.082966        0  0.03222 0.082966 -0.03222        0 0.148481  0.128882         0 -0.002955 0.123512        0 0.125926 -0.03222        0  0.09478 -0.03222        0 0.000267 
Neck 0 0 0 -0.000117         0   0.09841 -0.031469         0 -0.006798 -0.019705         0 -0.059149 
Head 0 0 0 -6.1e-05        0 0.188587 -0.006844 -0.075378    0.0761 -0.006844  0.075378    0.0761 -0.064495         0  0.062535 
RightShoulder 0 0 0         0 -0.149468         0 0.122777 0.032029 0.042705         0 -0.170821  0.053381 
RightUpperArm 0 0 0            0 -5.55112e-17    -0.319471         0 -0.031947 -0.319471         0  0.037272 -0.319471 
RightForeArm 0 0 0            0 -5.55112e-17    -0.261302    -0.026619 -5.55112e-17    -0.260215     0.026619 -5.55112e-17    -0.262389  -0.026619 2.1684e-19   0.001086 
RightHand 0 0 0            0 -2.77556e-17    -0.195422    -0.042715 -2.77556e-17    -0.112127 -0.021358  0.010679 -0.037376 
LeftShoulder 0 0 0        0 0.149468        0  0.122777 -0.032029  0.042705        0 0.170821 0.053381 
LeftUpperArm 0 0 0           0 5.55112e-17   -0.319471         0  0.031947 -0.319471         0 -0.037272 -0.319471 
LeftForeArm 0 0 0           0 5.55112e-17   -0.261302   -0.026619 5.55112e-17   -0.260215    0.026619 5.55112e-17   -0.262389   -0.026619 -2.1684e-19    0.001086 
LeftHand 0 0 0           0 2.77556e-17   -0.195422   -0.042715 2.77556e-17   -0.112127 -0.021358 -0.010679 -0.037376 
RightUpperLeg 0 0 0   1.3e-05         0 -0.445562  0.001598 -0.074843  -0.03324 -0.007469 -0.042767 -0.445788 -0.007469  0.037422 -0.445788  0.037385         0 -0.443631 
RightLowerLeg 0 0 0   2.2e-05         0 -0.435805 -0.007467 -0.042874 -0.000742 -0.007467  0.037515 -0.000742   1.1e-05 -0.032156 -0.435672   1.1e-05  0.032156 -0.435672  0.061815         0 -0.032736 
RightFoot 0 0 0  0.153354         0 -0.068011 -0.043704         0 -0.083809  0.121136  0.037594 -0.083676  0.121136 -0.039683 -0.083676  0.143066         0 -0.083676         0         0 -0.083676  0.107561  0.010443 -0.021019 
RightToe 0 0 0  0.067943         0 -0.015997 -0.033216  0.038393 -0.015997 -0.033216 -0.040525 -0.015997 
LeftUpperLeg 0 0 0   1.3e-05         0 -0.445562 0.001598 0.074843 -0.03324 -0.007469  0.042767 -0.445788 -0.007469 -0.037422 -0.445788  0.037385         0 -0.443631 
LeftLowerLeg 0 0 0   2.2e-05         0 -0.435805 -0.007467  0.042874 -0.000742 -0.007467 -0.037515 -0.000742   1.1e-05  0.032156 -0.435672   1.1e-05 -0.032156 -0.435672  0.061815         0 -0.032736 
LeftFoot 0 0 0  0.153354         0 -0.068011 -0.043704         0 -0.083809  0.121136 -0.037594 -0.083676  0.121136  0.039683 -0.083676  0.143066         0 -0.083676         0         0 -0.083676  0.107561 -0.010443 -0.021019 
LeftToe 0 0 0  0.067943         0 -0.015997 -0.033216 -0.038393 -0.015997 -0.033216  0.040525 -0.015997 
