Pelvis -0.0596287 -0.000171126 0.102461 0.923604 -0.0362299 -0.370848 0.0900859
L5 0 0 0 1 0 0 0
L3 0 0 0 1 0 0 0
T12 0 0 0 1 0 0 0
T8 0.149786 -0.000546088 0.0819866 0.0919806 -0.470172 -0.0330958 -0.877144
Neck 0 0 0 1 0 0 0
Head -0.0710964 -0.000320942 0.0850431 0.588252 0.682791 -0.426001 -0.0792371
RightShoulder -0.0216738 -0.0527097 -0.0632666 0.721841 0.242466 -0.0801899 -0.643215
RightUpperArm -0.021785 -2.77556e-17 0.00617421 0.617438 -0.292558 0.205603 -0.700647
RightForeArm -0.0456045 -2.77556e-17 0.0499083 0.748167 -0.266578 0.159367 -0.586332
RightHand 0.00460795 -1.38778e-17 0.0274824 0.73257 -0.0299927 0.11362 -0.670472
LeftShoulder -0.0211209 0.0523113 -0.0632429 0.562328 -0.244891 -0.125471 0.77979
LeftUpperArm -0.00400626 2.77556e-17 0.0352812 0.673039 -0.121901 -0.207227 0.699439
LeftForeArm -0.00957884 2.77556e-17 0.0217197 0.76924 0.0238548 -0.126033 0.625953
LeftHand 0.0221391 1.38778e-17 0.0243297 0.68138 -0.114708 -0.0398427 0.721786
RightUpperLeg 0.0127844 -0.0455636 -0.268039 0.520854 0.403615 0.615502 -0.432391
RightLowerLeg 0.0328807 0.00771202 -0.141823 0.277861 -0.703743 -0.318976 -0.570783
RightFoot 0.0888409 0.0015374 -0.0111342 0.959228 -0.0162349 0.282153 -0.00274202
RightToe 0 0 0 1 0 0 0
LeftUpperLeg 0.0127879 0.0451599 -0.267267 0.323081 -0.629212 0.361566 0.607438
LeftLowerLeg 0.0328097 -0.00773848 -0.141865 -0.0754089 -0.733658 0.121346 -0.66433
LeftFoot 0.0888605 -0.00137415 -0.0111138 0.938701 -0.211076 0.19247 0.192981
LeftToe 0 0 0 1 0 0 0
Pelvis 0 0 0  2.7e-05        0 0.105764  -1.4e-05 -0.085676 -0.000133  -1.4e-05  0.085676 -0.000133   -0.0212 -0.053548  0.108738  -0.0212 0.053548 0.108738  0.072514 -0.128514  0.077645 0.072514 0.128514 0.077645  0.037507 -0.107095  0.156573 0.037507 0.107095 0.156573 -0.058816 -0.053548 -0.048901 -0.058816  0.053548 -0.048901 -0.072514         0  0.027853 -0.058816         0 -0.048901 
L5 0 0 0 -4.9e-05        0 0.117034 -0.032111         0 -0.002706 
L3 0 0 0       0       0 0.10575 -0.032209         0  0.000267 
T12 0 0 0       0       0 0.10575 -0.032209         0  0.000267 
T8 0 0 0        0        0 0.148747        0 -0.03222 0.082966        0  0.03222 0.082966 -0.03222        0 0.148481  0.128882         0 -0.002955 0.123512        0 0.125926 -0.03222        0  0.09478 -0.03222        0 0.000267 
Neck 0 0 0 -0.000117         0   0.09841 -0.031469         0 -0.006798 -0.019705         0 -0.059149 
Head 0 0 0 -6.1e-05        0 0.188587 -0.006844 -0.075378    0.0761 -0.006844  0.075378    0.0761 -0.064495         0  0.062535 
RightShoulder 0 0 0         0 -0.149468         0 0.122777 0.032029 0.042705         0 -0.170821  0.053381 
RightUpperArm 0 0 0            0 -5.55112e-17    -0.319471         0 -0.031947 -0.319471         0  0.037272 -0.319471 
RightForeArm 0 0 0            0 -5.55112e-17    -0.261302    -0.026619 -5.55112e-17    -0.260215     0.026619 -5.55112e-17    -0.262389  -0.026619 2.1684e-19   0.001086 
RightHand 0 0 0            0 -2.77556e-17    -0.195422    -0.042715 -2.77556e-17    -0.112127 -0.021358  0.010679 -0.037376 
LeftShoulder 0 0 0        0 0.149468        0  0.122777 -0.032029  0.042705        0 0.170821 0.053381 
LeftUpperArm 0 0 0           0 5.55112e-17   -0.319471         0  0.031947 -0.319471         0 -0.037272 -0.319471 
LeftForeArm 0 0 0           0 5.55112e-17   -0.261302   -0.026619 5.55112e-17   -0.260215    0.026619 5.55112e-17   -0.262389   -0.026619 -2.1684e-19    0.001086 
LeftHand 0 0 0           0 2.77556e-17   -0.195422   -0.042715 2.77556e-17   -0.112127 -0.021358 -0.010679 -0.037376 
RightUpperLeg 0 0 0   1.3e-05         0 -0.445562  0.001598 -0.074843  -0.03324 -0.007469 -0.042767 -0.445788 -0.007469  0.037422 -0.445788  0.037385         0 -0.443631 
RightLowerLeg 0 0 0   2.2e-05         0 -0.435805 -0.007467 -0.042874 -0.000742 -0.007467  0.037515 -0.000742   1.1e-05 -0.032156 -0.435672   1.1e-05  0.032156 -0.435672  0.061815         0 -0.032736 
RightFoot 0 0 0  0.153354         0 -0.068011 -0.043704         0 -0.083809  0.121136  0.037594 -0.083676  0.121136 -0.039683 -0.083676  0.143066         0 -0.083676         0         0 -0.083676  0.107561  0.010443 -0.021019 
RightToe 0 0 0  0.067943         0 -0.015997 -0.033216  0.038393 -0.015997 -0.033216 -0.040525 -0.015997 
LeftUpperLeg 0 0 0   1.3e-05         0 -0.445562 0.001598 0.074843 -0.03324 -0.007469  0.042767 -0.445788 -0.007469 -0.037422 -0.445788  0.037385         0 -0.443631 
LeftLowerLeg 0 0 0   2.2e-05         0 -0.435805 -0.007467  0.042874 -0.000742 -0.007467 -0.037515 -0.000742   1.1e-05  0.032156 -0.435672   1.1e-05 -0.032156 -0.435672  0.061815         0 -0.032736 
LeftFoot 0 0 0  0.153354         0 -0.068011 -0.043704         0 -0.083809  0.121136 -0.037594 -0.083676  0.121136  0.039683 -0.083676  0.143066         0 -0.083676         0         0 -0.083676  0.107561 -0.010443 -0.021019 
LeftToe 0 0 0  0.067943         0 -0.015997 -0.033216 -0.038393 -0.015997 -0.033216  0.040525 -0.015997 
