Pelvis -0.0555909 0.0034964 0.0842457 0.0705721 0.398587 -0.0310201 -0.913884
L5 0 0 0 1 0 0 0
L3 0 0 0 1 0 0 0
T12 0 0 0 1 0 0 0
T8 0.151216 0.00768185 0.07686 0.054839 -0.502234 -0.0748452 -0.859739
Neck 0 0 0 1 0 0 0
Head -0.0707237 0.0022865 0.085609 0.0118422 -0.46478 0.0271183 -0.884932
RightShoulder -0.0184522 -0.0597522 -0.0641541 0.796284 0.292119 -0.138232 -0.51136
RightUpperArm -0.0323419 -2.77556e-17 0.00447895 0.75832 0.0642444 -0.168101 -0.626551
RightForeArm 0.0145844 -2.77556e-17 0.141348 0.391671 -0.635723 0.464458 -0.476161
RightHand 0.00424651 -1.38778e-17 0.0284292 0.732958 0.106338 -0.0441519 -0.670459
LeftShoulder -0.0264892 0.0534777 -0.0708541 0.604271 -0.493036 -0.161254 0.604787
LeftUpperArm -0.0188781 2.77556e-17 0.0153074 0.686504 -0.273917 -0.323157 0.590974
LeftForeArm -0.0148336 2.77556e-17 0.000742986 0.462631 0.559359 0.443618 0.525637
LeftHand 0.0228912 1.38778e-17 0.0245539 0.586471 -0.12073 0.00976052 0.800863
RightUpperLeg 0.0084203 -0.0447724 -0.255441 0.492753 0.545424 0.517586 -0.43796
RightLowerLeg 0.0366546 0.00776947 -0.140298 0.61758 -0.341763 0.678946 0.202056
RightFoot 0.0836368 -0.0020073 -0.0146678 0.957089 -0.0218045 0.288379 -0.0185612
RightToe 0 0 0 1 0 0 0
LeftUpperLeg 0.0147444 0.0429691 -0.269156 0.348464 -0.63298 0.471277 0.505773
LeftLowerLeg 0.0313641 -0.00614489 -0.155023 0.452987 0.479918 0.622441 -0.420771
LeftFoot 0.0874965 -0.000734663 -0.0136728 0.942283 -0.171599 0.207928 0.198548
LeftToe 0 0 0 1 0 0 0
Pelvis 0 0 0  2.7e-05        0 0.105764  -1.4e-05 -0.085676 -0.000133  -1.4e-05  0.085676 -0.000133   -0.0212 -0.053548  0.108738  -0.0212 0.053548 0.108738  0.072514 -0.128514  0.077645 0.072514 0.128514 0.077645  0.037507 -0.107095  0.156573 0.037507 0.107095 0.156573 -0.058816 -0.053548 -0.048901 -0.058816  0.053548 -0.048901 -0.072514         0  0.027853 -0.058816         0 -0.048901 
L5 0 0 0 -4.9e-05        0 0.117034 -0.032111         0 -0.002706 
L3 0 0 0       0       0 0.10575 -0.032209         0  0.000267 
T12 0 0 0       0       0 0.10575 -0.032209         0  0.000267 
T8 0 0 0        0        0 0.148747        0 -0.03222 0.082966        0  0.03222 0.082966 -0.03222        0 0.148481  0.128882         0 -0.002955 0.123512        0 0.125926 -0.03222        0  0.09478 -0.03222        0 0.000267 
Neck 0 0 0 -0.000117         0   0.09841 -0.031469         0 -0.006798 -0.019705         0 -0.059149 
Head 0 0 0 -6.1e-05        0 0.188587 -0.006844 -0.075378    0.0761 -0.006844  0.075378    0.0761 -0.064495         0  0.062535 
RightShoulder 0 0 0         0 -0.149468         0 0.122777 0.032029 0.042705         0 -0.170821  0.053381 
RightUpperArm 0 0 0            0 -5.55112e-17    -0.319471         0 -0.031947 -0.319471         0  0.037272 -0.319471 
RightForeArm 0 0 0            0 -5.55112e-17    -0.261302    -0.026619 -5.55112e-17    -0.260215     0.026619 -5.55112e-17    -0.262389  -0.026619 2.1684e-19   0.001086 
RightHand 0 0 0            0 -2.77556e-17    -0.195422    -0.042715 -2.77556e-17    -0.112127 -0.021358  0.010679 -0.037376 
LeftShoulder 0 0 0        0 0.149468        0  0.122777 -0.032029  0.042705        0 0.170821 0.053381 
LeftUpperArm 0 0 0           0 5.55112e-17   -0.319471         0  0.031947 -0.319471         0 -0.037272 -0.319471 
LeftForeArm 0 0 0           0 5.55112e-17   -0.261302   -0.026619 5.55112e-17   -0.260215    0.026619 5.55112e-17   -0.262389   -0.026619 -2.1684e-19    0.001086 
LeftHand 0 0 0           0 2.77556e-17   -0.195422   -0.042715 2.77556e-17   -0.112127 -0.021358 -0.010679 -0.037376 
RightUpperLeg 0 0 0   1.3e-05         0 -0.445562  0.001598 -0.074843  -0.03324 -0.007469 -0.042767 -0.445788 -0.007469  0.037422 -0.445788  0.037385         0 -0.443631 
RightLowerLeg 0 0 0   2.2e-05         0 -0.435805 -0.007467 -0.042874 -0.000742 -0.007467  0.037515 -0.000742   1.1e-05 -0.032156 -0.435672   1.1e-05  0.032156 -0.435672  0.061815         0 -0.032736 
RightFoot 0 0 0  0.153354         0 -0.068011 -0.043704         0 -0.083809  0.121136  0.037594 -0.083676  0.121136 -0.039683 -0.083676  0.143066         0 -0.083676         0         0 -0.083676  0.107561  0.010443 -0.021019 
RightToe 0 0 0  0.067943         0 -0.015997 -0.033216  0.038393 -0.015997 -0.033216 -0.040525 -0.015997 
LeftUpperLeg 0 0 0   1.3e-05         0 -0.445562 0.001598 0.074843 -0.03324 -0.007469  0.042767 -0.445788 -0.007469 -0.037422 -0.445788  0.037385         0 -0.443631 
LeftLowerLeg 0 0 0   2.2e-05         0 -0.435805 -0.007467  0.042874 -0.000742 -0.007467 -0.037515 -0.000742   1.1e-05  0.032156 -0.435672   1.1e-05 -0.032156 -0.435672  0.061815         0 -0.032736 
LeftFoot 0 0 0  0.153354         0 -0.068011 -0.043704         0 -0.083809  0.121136 -0.037594 -0.083676  0.121136  0.039683 -0.083676  0.143066         0 -0.083676         0         0 -0.083676  0.107561 -0.010443 -0.021019 
LeftToe 0 0 0  0.067943         0 -0.015997 -0.033216 -0.038393 -0.015997 -0.033216  0.040525 -0.015997 
