Pelvis -0.0610827 -0.000543725 0.103345 0.923322 -0.0360871 -0.371376 0.0908576
L5 0 0 0 1 0 0 0
L3 0 0 0 1 0 0 0
T12 0 0 0 1 0 0 0
T8 0.1496 0.00114509 0.0836226 0.0919885 -0.470187 -0.0330955 -0.877136
Neck 0 0 0 1 0 0 0
Head -0.0754906 0.00324847 0.0819578 0.588258 0.682785 -0.425994 -0.0792795
RightShoulder -0.0229292 -0.0519433 -0.0618929 0.721848 0.242463 -0.0801741 -0.64321
RightUpperArm -0.0324371 -2.77556e-17 0.0181375 0.617431 -0.292558 0.205613 -0.700651
RightForeArm -0.0147031 -2.77556e-17 0.0304049 0.748159 -0.266576 0.15939 -0.586336
RightHand 0.00672241 -1.38778e-17 0.0229177 0.732563 -0.0299846 0.113634 -0.670477
LeftShoulder -0.0225506 0.0522797 -0.0632755 0.562306 -0.24488 -0.125469 0.779809
LeftUpperArm -0.0239398 2.77556e-17 0.0298687 0.673032 -0.121912 -0.207233 0.699443
LeftForeArm -0.0102302 2.77556e-17 0.0155854 0.769238 0.0238237 -0.126046 0.625954
LeftHand 0.00646187 1.38778e-17 0.0243365 0.681377 -0.114721 -0.0398385 0.721788
RightUpperLeg 0.0130901 -0.0439359 -0.268899 0.523801 0.400887 0.616058 -0.430575
RightLowerLeg 0.0346578 0.00715542 -0.140609 0.275687 -0.703936 -0.318373 -0.571935
RightFoot 0.0884047 0.00681868 -0.0152239 0.959287 -0.0182934 0.281816 0.0037715
RightToe 0 0 0 1 0 0 0
LeftUpperLeg 0.0142697 0.0411447 -0.267796 0.32707 -0.625647 0.363861 0.607614
LeftLowerLeg 0.0356913 -0.00512285 -0.14147 -0.0732452 -0.734883 0.119999 -0.663463
LeftFoot 0.0890289 0.00406022 -0.0143215 0.939638 -0.209776 0.193947 0.188311
LeftToe 0 0 0 1 0 0 0
Pelvis 0 0 0  2.7e-05        0 0.105764  -1.4e-05 -0.085676 -0.000133  -1.4e-05  0.085676 -0.000133   -0.0212 -0.053548  0.108738  -0.0212 0.053548 0.108738  0.072514 -0.128514  0.077645 0.072514 0.128514 0.077645  0.037507 -0.107095  0.156573 0.037507 0.107095 0.156573 -0.058816 -0.053548 -0.048901 -0.058816  0.053548 -0.048901 -0.072514         0  0.027853 -0.058816         0 -0.048901 
L5 0 0 0 -4.9e-05        0 0.117034 -0.032111         0 -0.002706 
L3 0 0 0       0       0 0.10575 -0.032209         0  0.000267 
T12 0 0 0       0       0 0.10575 -0.032209         0  0.000267 
T8 0 0 0        0        0 0.148747        0 -0.03222 0.082966        0  0.03222 0.082966 -0.03222        0 0.148481  0.128882         0 -0.002955 0.123512        0 0.125926 -0.03222        0  0.09478 -0.03222        0 0.000267 
Neck 0 0 0 -0.000117         0   0.09841 -0.031469         0 -0.006798 -0.019705         0 -0.059149 
Head 0 0 0 -6.1e-05        0 0.188587 -0.006844 -0.075378    0.0761 -0.006844  0.075378    0.0761 -0.064495         0  0.062535 
RightShoulder 0 0 0         0 -0.149468         0 0.122777 0.032029 0.042705         0 -0.170821  0.053381 
RightUpperArm 0 0 0            0 -5.55112e-17    -0.319471         0 -0.031947 -0.319471         0  0.037272 -0.319471 
RightForeArm 0 0 0            0 -5.55112e-17    -0.261302    -0.026619 -5.55112e-17    -0.260215     0.026619 -5.55112e-17    -0.262389  -0.026619 2.1684e-19   0.001086 
RightHand 0 0 0            0 -2.77556e-17    -0.195422    -0.042715 -2.77556e-17    -0.112127 -0.021358  0.010679 -0.037376 
LeftShoulder 0 0 0        0 0.149468        0  0.122777 -0.032029  0.042705        0 0.170821 0.053381 
LeftUpperArm 0 0 0           0 5.55112e-17   -0.319471         0  0.031947 -0.319471         0 -0.037272 -0.319471 
LeftForeArm 0 0 0           0 5.55112e-17   -0.261302   -0.026619 5.55112e-17   -0.260215    0.026619 5.55112e-17   -0.262389   -0.026619 -2.1684e-19    0.001086 
LeftHand 0 0 0           0 2.77556e-17   -0.195422   -0.042715 2.77556e-17   -0.112127 -0.021358 -0.010679 -0.037376 
RightUpperLeg 0 0 0   1.3e-05         0 -0.445562  0.001598 -0.074843  -0.03324 -0.007469 -0.042767 -0.445788 -0.007469  0.037422 -0.445788  0.037385         0 -0.443631 
RightLowerLeg 0 0 0   2.2e-05         0 -0.435805 -0.007467 -0.042874 -0.000742 -0.007467  0.037515 -0.000742   1.1e-05 -0.032156 -0.435672   1.1e-05  0.032156 -0.435672  0.061815         0 -0.032736 
RightFoot 0 0 0  0.153354         0 -0.068011 -0.043704         0 -0.083809  0.121136  0.037594 -0.083676  0.121136 -0.039683 -0.083676  0.143066         0 -0.083676         0         0 -0.083676  0.107561  0.010443 -0.021019 
RightToe 0 0 0  0.067943         0 -0.015997 -0.033216  0.038393 -0.015997 -0.033216 -0.040525 -0.015997 
LeftUpperLeg 0 0 0   1.3e-05         0 -0.445562 0.001598 0.074843 -0.03324 -0.007469  0.042767 -0.445788 -0.007469 -0.037422 -0.445788  0.037385         0 -0.443631 
LeftLowerLeg 0 0 0   2.2e-05         0 -0.435805 -0.007467  0.042874 -0.000742 -0.007467 -0.037515 -0.000742   1.1e-05  0.032156 -0.435672   1.1e-05 -0.032156 -0.435672  0.061815         0 -0.032736 
LeftFoot 0 0 0  0.153354         0 -0.068011 -0.043704         0 -0.083809  0.121136 -0.037594 -0.083676  0.121136  0.039683 -0.083676  0.143066         0 -0.083676         0         0 -0.083676  0.107561 -0.010443 -0.021019 
LeftToe 0 0 0  0.067943         0 -0.015997 -0.033216 -0.038393 -0.015997 -0.033216  0.040525 -0.015997 
