Pelvis -0.0557539 -0.00163069 0.0833239 0.0704061 0.39884 -0.0307881 -0.913795
L5 0 0 0 1 0 0 0
L3 0 0 0 1 0 0 0
T12 0 0 0 1 0 0 0
T8 0.143185 0.0113285 0.0836738 0.054853 -0.502254 -0.0748472 -0.859727
Neck 0 0 0 1 0 0 0
Head -0.069509 -0.00722091 0.0878364 0.0118372 -0.464803 0.0271564 -0.884919
RightShoulder -0.0234707 -0.0587992 -0.0621702 0.796296 0.292113 -0.138209 -0.511352
RightUpperArm -0.036798 -2.77556e-17 0.00361003 0.758315 0.0642323 -0.168083 -0.626562
RightForeArm -0.0112564 -2.77556e-17 0.0465848 0.391658 -0.635725 0.464479 -0.476149
RightHand 0.00589883 -1.38778e-17 0.0246588 0.732952 0.106344 -0.0441405 -0.670466
LeftShoulder -0.021453 0.054435 -0.0696019 0.604262 -0.493025 -0.161254 0.604807
LeftUpperArm -0.0206866 2.77556e-17 0.0126549 0.6865 -0.273921 -0.323153 0.59098
LeftForeArm -0.0411503 2.77556e-17 -0.0408967 0.46263 0.559359 0.443625 0.525631
LeftHand 0.00564049 1.38778e-17 0.0233746 0.586467 -0.120742 0.00976692 0.800864
RightUpperLeg 0.0152573 -0.0428404 -0.274086 0.490011 0.548625 0.514897 -0.440206
RightLowerLeg 0.03552 0.0079417 -0.139236 0.616587 -0.344585 0.678261 0.202589
RightFoot 0.0917145 -0.00537989 -0.0114165 0.956831 -0.0181617 0.288358 -0.0315349
RightToe 0 0 0 1 0 0 0
LeftUpperLeg 0.0125167 0.0413184 -0.268651 0.350632 -0.63132 0.470667 0.506919
LeftLowerLeg 0.0345212 -0.00847209 -0.139921 0.452667 0.480411 0.623188 -0.419446
LeftFoot 0.0779219 0.00833773 0.00292478 0.951459 -0.157607 0.217913 0.149662
LeftToe 0 0 0 1 0 0 0
Pelvis 0 0 0  2.7e-05        0 0.105764  -1.4e-05 -0.085676 -0.000133  -1.4e-05  0.085676 -0.000133   -0.0212 -0.053548  0.108738  -0.0212 0.053548 0.108738  0.072514 -0.128514  0.077645 0.072514 0.128514 0.077645  0.037507 -0.107095  0.156573 0.037507 0.107095 0.156573 -0.058816 -0.053548 -0.048901 -0.058816  0.053548 -0.048901 -0.072514         0  0.027853 -0.058816         0 -0.048901 
L5 0 0 0 -4.9e-05        0 0.117034 -0.032111         0 -0.002706 
L3 0 0 0       0       0 0.10575 -0.032209         0  0.000267 
T12 0 0 0       0       0 0.10575 -0.032209         0  0.000267 
T8 0 0 0        0        0 0.148747        0 -0.03222 0.082966        0  0.03222 0.082966 -0.03222        0 0.148481  0.128882         0 -0.002955 0.123512        0 0.125926 -0.03222        0  0.09478 -0.03222        0 0.000267 
Neck 0 0 0 -0.000117         0   0.09841 -0.031469         0 -0.006798 -0.019705         0 -0.059149 
Head 0 0 0 -6.1e-05        0 0.188587 -0.006844 -0.075378    0.0761 -0.006844  0.075378    0.0761 -0.064495         0  0.062535 
RightShoulder 0 0 0         0 -0.149468         0 0.122777 0.032029 0.042705         0 -0.170821  0.053381 
RightUpperArm 0 0 0            0 -5.55112e-17    -0.319471         0 -0.031947 -0.319471         0  0.037272 -0.319471 
RightForeArm 0 0 0            0 -5.55112e-17    -0.261302    -0.026619 -5.55112e-17    -0.260215     0.026619 -5.55112e-17    -0.262389  -0.026619 2.1684e-19   0.001086 
RightHand 0 0 0            0 -2.77556e-17    -0.195422    -0.042715 -2.77556e-17    -0.112127 -0.021358  0.010679 -0.037376 
LeftShoulder 0 0 0        0 0.149468        0  0.122777 -0.032029  0.042705        0 0.170821 0.053381 
LeftUpperArm 0 0 0           0 5.55112e-17   -0.319471         0  0.031947 -0.319471         0 -0.037272 -0.319471 
LeftForeArm 0 0 0           0 5.55112e-17   -0.261302   -0.026619 5.55112e-17   -0.260215    0.026619 5.55112e-17   -0.262389   -0.026619 -2.1684e-19    0.001086 
LeftHand 0 0 0           0 2.77556e-17   -0.195422   -0.042715 2.77556e-17   -0.112127 -0.021358 -0.010679 -0.037376 
RightUpperLeg 0 0 0   1.3e-05         0 -0.445562  0.001598 -0.074843  -0.03324 -0.007469 -0.042767 -0.445788 -0.007469  0.037422 -0.445788  0.037385         0 -0.443631 
RightLowerLeg 0 0 0   2.2e-05         0 -0.435805 -0.007467 -0.042874 -0.000742 -0.007467  0.037515 -0.000742   1.1e-05 -0.032156 -0.435672   1.1e-05  0.032156 -0.435672  0.061815         0 -0.032736 
RightFoot 0 0 0  0.153354         0 -0.068011 -0.043704         0 -0.083809  0.121136  0.037594 -0.083676  0.121136 -0.039683 -0.083676  0.143066         0 -0.083676         0         0 -0.083676  0.107561  0.010443 -0.021019 
RightToe 0 0 0  0.067943         0 -0.015997 -0.033216  0.038393 -0.015997 -0.033216 -0.040525 -0.015997 
LeftUpperLeg 0 0 0   1.3e-05         0 -0.445562 0.001598 0.074843 -0.03324 -0.007469  0.042767 -0.445788 -0.007469 -0.037422 -0.445788  0.037385         0 -0.443631 
LeftLowerLeg 0 0 0   2.2e-05         0 -0.435805 -0.007467  0.042874 -0.000742 -0.007467 -0.037515 -0.000742   1.1e-05  0.032156 -0.435672   1.1e-05 -0.032156 -0.435672  0.061815         0 -0.032736 
LeftFoot 0 0 0  0.153354         0 -0.068011 -0.043704         0 -0.083809  0.121136 -0.037594 -0.083676  0.121136  0.039683 -0.083676  0.143066         0 -0.083676         0         0 -0.083676  0.107561 -0.010443 -0.021019 
LeftToe 0 0 0  0.067943         0 -0.015997 -0.033216 -0.038393 -0.015997 -0.033216  0.040525 -0.015997 
